-12
5
11
-7
9
1
-20
22
15
-5
-11
18
-45
32
22
-16
-29
48
-7
-13
40
-6
-8
1
28
-1
-31
38
9
-55
35
-35
63
-51
45
-45
34
-23
37
-4
6
38
-18
-10
-7
38
-40
0
10
17
3
-15
4
22
-21
-14
75
-48
16
25
-35
22
1
-32
75
-38
-46
52
-53
37
-23
34
27
-21
-8
1
37
-21
45
-52
50
-41
2
25
30
-34
-27
60
-43
9
9
-54
27
11
15
-35
8
2
-44
54
-1
1
-14
-45
73
-4
-32
28
-39
3
16
-7
17
0
-3
-2
-51
62
8
9
-12
12
9
-67
54
5
20
-8
9
2
-61
43
-10
-1
21
16
-7
17
0
-3
-2
-51
56
15
2
9
-12
12
9
-67
24
47
2
9
-12
22
-1
16
-7
17
0
-3
-2
-51
56
15
2
9
-12
12
9
-67
40
24
-4
20
-10
2
-17
37
-10
4
2
16
-10
12
-8
5
17
1
18
-30
36
1
-6
8
-4
-35
30
-32
40
-27
35
24
-22
35
-18
-33
40
35
-7
-55
22
1
48
-3
-6
8
-38
-6
25
30
-33
-9
44
27
-70
1
57
-30
1
42
-13
-2
0
-29
32
30
14
-7
-4
-9
-36
10
38
-15
16
39
-10
11
5
10
-14
-25
32
-23
29
13
32
-2
-22
-33
52
-45
30
47
-62
-1
28
-8
1
-1
1
-18
52
-32
10
27
-47
1
18
-33
20
5
11
-7
9
1
-25
40
-5
12
6
3
-30
33
22
-12
5
11
6
10
16
-7
17
0
-3
-2
-51
56
15
2
9
-12
12
9
-67
30
40
9
-12
12
9
-6
15
-32
15
-3
39
-47
43
-12
6
-35
56
-47
1
62
-14
-6
-17
3
4
10
-4
18
-12
-6
22
-1
-47
58
-2
-12
17
-12
20
4
-11
1
18
-33
20
5
11
-7
9
1
-20
22
15
-5
34
-18
25
-26
11
-36
9
35
1
-12
-19
46
22
-58
62
-14
-4
-24
8
-25
32
-23
29
13
32
-2
-22
26
-7
13
-32
-3
-8
61
-34
-10
-1
3
-23
51
-13
-25
-1
10
38
-13
-13
-17
3
16
-7
17
0
-3
-2
-51
56
15
2
9
-12
12
9
-67
69
0
-60
37
20
5
11
-7
9
1
-21
23
16
-10
9
1
16
-11
18
-46
47
1
6
2
2
-6
12
9
-44
44
-10
4
13
-4
2
-14
21
18
3
-8
8
-4
9
-13
-36
25
11
-17
3
16
-7
17
0
-3
-2
-51
56
15
2
9
-12
12
9
-67
24
47
1
6
2
2
-6
12
9
-35
22
15
-5
16
-7
17
0
-3
-2
-51
62
8
9
-12
12
9
-67
54
5
20
-8
9
2
-61
25
4
10
-4
18
-12
-23
-3
47
-31
-7
-1
3
16
-7
17
0
-3
-2
-51
68
7
-66
37
20
20
-12
5
10
-8
4
13
-4
-11
18
-43
41
-8
9
15
1
28
-1
-31
38
9
-55
35
-35
63
-51
45
-45
34
-23
37
-4
6
38
-18
-10
-7
38
-39
15
-2
-5
18
26
-4
-27
1
4
4
-1
19
3
25
-22
19
-29
-16
26
-10
-1
3
16
-7
17
0
-3
-2
-51
62
8
9
-12
12
9
-67
56
1
22
-12
5
11
6
10
-72
29
10
1
-5
16
-7
17
0
-3
-2
-51
56
15
2
9
-12
12
9
-67
69
0
-60
37
20
5
11
-7
9
1
-25
40
-5
12
15
1
3
-1
14
5
-6
8
9
-5
5
1
18
-30
41
-3
4
-12
11
-23
21
16
7
-10
-3
5
1
18
-33
20
5
11
-7
9
1
-33
52
-12
8
4
16
-14
-25
40
-5
12
15
0
1
-36
38
6
-4
-7
28
12
-45
1
17
-30
48
25
-55
3
22
-16
18
-24
35
1
4
13
-32
45
-34
-5
52
-10
-27
32
0
-39
-6
24
-18
-48
62
9
-62
27
38
6
-4
16
-7
17
0
-3
-2
-51
67
-6
18
-67
42
32
-6
-19
26
-32
27
43
-55
3
-14
16
4
-7
9
2
-40
47
-8
4
-6
24
-18
-48
62
9
-62
37
37
-6
8
9
-30
36
1
-10
-1
15
-6
24
-18
-48
74
2
-8
6
-59
39
18
16
-7
14
1
1
28
-1
-31
38
9
-55
35
-35
63
-51
45
-45
34
-23
36
-2
-28
71
-20
14
-57
66
-7
21
-18
-9
-3
-29
70
-44
4
41
-15
-10
9
40
-35
23
-18
-30
55
-19
9
4
-26
8
22
-32
-17
26
29
-39
3
27
1
-3
-34
-9
-1
3
16
-7
17
0
-3
-2
-51
62
8
9
-12
12
9
-67
54
5
20
-8
9
2
-61
34
-9
11
8
12
-16
-37
27
48
-55
3
1
18
-40
40
9
2
8
14
0
15
-49
35
12
5
19
16
-7
17
0
-3
-2
-51
56
15
2
9
-12
12
9
-67
40
24
-4
20
-10
2
-17
37
-10
4
2
16
-10
12
-8
5
17
-76
36
34
8
14
-2
6
1
18
-33
20
5
11
-7
9
1
-21
23
16
-10
9
1
16
