-9
21
-21
23
-74
53
15
7
-9
4
-5
-65
21
38
7
-8
-3
13
9
3
4
-14
28
-19
25
-38
30
1
3
-12
5
-5
-43
17
14
17
1
-35
-19
61
-9
-5
23
-56
43
-28
42
-2
-8
-9
-15
5
-5
11
-2
15
-43
37
5
1
-19
13
-11
2
3
5
-5
10
-11
42
3
8
-17
3
10
-11
-57
20
-1
1
-20
33
-5
-8
16
-30
27
17
3
0
5
5
-7
-9
21
-21
-51
59
6
-65
24
35
3
-7
-9
21
-21
23
-74
53
15
7
-9
4
-5
-65
69
-3
-11
-2
-53
37
18
-2
15
-13
15
-41
26
20
-38
29
-11
-2
11
-41
35
5
-13
11
-2
15
-30
11
11
9
-16
-5
-12
-3
19
-15
4
14
-36
20
-1
1
-20
33
-5
-8
16
-30
27
17
3
0
5
5
-7
-9
21
-21
23
-74
53
15
7
-9
4
-5
-65
69
-3
-11
-2
-53
27
45
-38
17
17
-17
12
-8
15
-15
13
-31
29
-11
-2
-9
21
-21
-51
69
-14
-2
18
-3
-9
11
5
-75
29
26
20
5
-2
-2
14
1
-9
21
-21
-51
71
-1
-11
3
-62
76
-17
7
-66
27
37
-8
6
-11
19
-15
13
-5
-45
55
-5
-15
-36
49
0
-17
24
-5
-9
11
-15
-13
-4
3
-9
21
-21
-51
69
-14
-2
18
-3
-9
11
5
-75
69
-3
-11
-2
-53
19
43
-5
8
3
-9
11
-12
5
-29
17
17
-17
12
-8
15
-15
13
-31
29
-11
-2
9
-10
-9
21
-21
-51
59
6
-65
20
55
-5
-15
-36
49
0
-17
24
-42
38
-1
-4
5
-1
-33
33
-2
-13
-4
12
-9
21
-21
-51
59
6
-65
24
35
3
-7
-28
37
2
5
-1
-33
33
-2
-13
-4
12
-9
21
-21
-51
69
-14
-2
18
-3
-9
11
5
-75
31
24
14
0
-18
6
-2
-33
37
-2
-2
14
1
-14
15
-43
37
2
5
-1
1
-19
4
6
-26
32
23
-5
5
-20
-31
25
-29
53
-42
3
5
-5
10
-11
-3
-1
-2
15
-50
42
3
-12
8
-24
22
17
-21
-10
-18
-5
30
29
-37
41
-11
-32
51
2
-48
-4
9
-35
34
10
13
22
-20
4
1
-64
36
-14
-4
0
1
1
6
-11
19
-15
-9
21
-21
-51
71
-1
-11
3
-62
76
-17
7
-66
21
15
-15
-16
-1
19
-15
10
1
-1
5
-8
6
-11
19
-15
-9
21
-21
-51
71
-1
-11
3
-62
76
-17
7
-66
22
33
1
6
-11
19
-15
13
25
5
2
-5
0
-1
3
2
-15
-1
-31
41
-11
12
-11
5
5
-7
-34
51
-21
2
11
4
-11
6
-1
