5
-1
-13
10
-10
-7
7
3
-3
11
5
4
-16
13
7
27
3
-9
-30
-6
11
38
-39
44
-56
-16
27
28
-22
-39
46
-2
-5
-32
23
49
-70
68
-40
-15
-4
0
5
9
-13
-2
17
-11
6
-1
9
-13
1
10
-7
-11
4
-8
14
1
-19
12
3
9
-7
-4
17
-14
-2
12
-1
-10
15
1
7
-7
15
-15
5
10
-18
1
10
-7
-33
32
20
-45
-7
19
-33
13
-10
14
-3
-6
-5
-54
53
12
-1
6
-15
9
6
-70
21
44
-1
6
-15
9
6
-34
19
14
-4
-3
10
-17
13
-9
21
-21
-51
71
-1
-11
3
-62
19
49
0
-17
24
-45
29
10
1
-2
15
-49
44
-1
6
-15
9
6
-34
19
14
-4
-3
10
-17
13
13
-10
14
-3
-6
-5
-54
53
12
-1
6
-15
9
6
-70
21
44
-1
6
-15
9
6
-30
11
11
9
-16
14
-7
-7
0
11
2
-28
-8
26
9
-1
26
-29
26
-40
-13
50
-17
4
22
-21
-22
1
37
-32
48
-40
36
-20
-33
-4
0
-3
-9
-2
15
-48
33
1
-5
20
-9
8
-51
35
-3
15
4
-15
13
10
-46
41
-13
1
10
-7
-1
1
14
1
-11
5
-13
19
-11
6
-1
-9
21
-21
-51
71
-1
-11
3
-62
53
12
-1
-11
18
-3
0
-13
9
6
-70
38
21
4
-8
-16
25
-5
11
-5
27
-54
21
9
24
-3
-7
2
-42
0
13
-10
14
-3
-6
-5
-54
53
12
-1
6
-15
9
6
-70
21
44
-1
6
-15
19
-4
-49
23
33
-34
10
-9
46
-2
15
-34
19
8
2
5
-15
-33
33
17
-13
-6
2
13
-10
14
-3
-6
-5
-54
52
10
9
-16
15
-5
0
5
-12
-58
20
42
9
-16
15
-5
0
5
-12
-39
35
-3
15
4
-15
13
5
5
-14
13
2
12
-1
-8
3
9
-5
13
-10
14
-3
-6
-5
-54
64
-9
15
-70
39
29
-9
