-7
18
-2
15
-40
21
13
-7
14
-20
6
-2
-2
15
-48
33
1
-5
20
-9
8
-9
21
-21
-51
71
-1
-11
3
-62
30
35
-12
-2
11
-7
1
4
-84
58
5
-63
19
-19
46
-2
0
-15
-23
62
4
-11
1
-69
76
3
0
1
-80
84
-19
13
5
8115
-8191
5
-5
58
12
-70
19
-19
4801
-4755
-2
0
-15
-36
4750
71
-4821
4736
-158
243
-4821
4587
226
-4813
4720
61
-4767
0
0
-7
5
-5
58
17
-75
19
-19
1541
-5
10
28
-1581
1546
10
6
16
-6
-1572
1553
20
-19
-1554
53
-2
0
-15
-22
0
0
-7
5
-5
59
3
-62
19
-19
1008
25
15
4
-2
-7
-10
5
17
0
-22
-1040
53
-2
0
-15
-23
1037
4
-10
-1030
0
0
-7
5
-5
59
5
-64
19
-19
46
-2
0
-15
-36
1050
4
-10
22
-8
-1058
1057
-12
-1045
1048
-1
8
11
-15
2
18
-29
-2
7158
-8191
5
-5
60
-2
-58
19
-19
44
9
-53
62
14
1
108
-192
69
19
-19
-2
18
-1
-19
13
6
-84
69
7
-76
67
12
-11
5
-73
53
-2
0
-15
-22
0
0
-7
5
-5
60
16
-76
19
-19
36
168
-143
-68
53
-2
0
-15
-36
74
-5
-69
83
-3
5
236
-237
167
-173
-64
0
0
-7
5
-5
61
-3
-58
19
-19
46
-2
0
-15
-23
62
4
-11
1
-69
75
141
-134
-13
13
-82
14
0
0
-7
5
-5
61
1
-62
19
-19
46
-2
0
-15
-23
22
44
-11
1
-69
87
-14
9
-14
-68
65
20
-2
-12
-2
1
150
-148
10
2
-70
0
0
-7
5
-5
62
7
-69
19
-19
888
-895
922
20
-26
5
1
-9
17
-930
53
-2
0
-15
-36
917
5
10
-15
6
-6
-6
21
-19
8
-907
0
0
-7
5
-5
62
9
-71
19
-19
46
-2
0
-15
-36
67
12
-11
1
-69
82
3
-7
0
-5
5
-7
8127
-8191
5
-5
62
14
-76
19
-19
28
176
-143
5
-2
8
-79
53
-2
0
-15
-36
69
9
-78
69
5
-5
-2
18
-18
6
138
-133
-64
0
0
-7
5
-5
62
15
-77
19
-19
46
-2
0
-15
-23
62
4
0
-11
-68
84
130
0
-130
-19
1
-66
14
0
0
-7
5
-5
63
-5
-58
19
-19
1544
2
-1553
1549
-6
29
-1572
1543
5
5
-10
165
-1708
1673
-122
-1551
53
-2
0
-15
-22
0
0
-7
5
-5
63
3
-66
19
-19
46
-2
0
-15
-23
62
4
0
-11
5
-73
75
121
-107
-5
130
-131
0
113
-182
0
0
-7
5
-5
63
12
-75
19
-19
30
51
113
-134
18
-1
-11
6
-1
-78
68
17
-85
67
12
-11
1
-69
53
-2
0
-15
-22
0
0
-7
5
-5
65
1
-66
19
-19
46
-2
0
-15
-36
2293
54
-42
-2305
2298
24
-2322
2320
9
5
-2334
2329
15
5854
-8191
5
-5
65
10
-75
19
-19
41
31
-4
7
-13
9
7
-1
-84
74
-5
-69
53
-2
0
-15
-36
75
137
-144
8130
-8191
5
-5
65
13
-78
19
-19
46
-2
0
-15
-23
62
136
-143
-68
70
15
-1
0
-19
19
109
-110
-18
-51
0
0
-7
5
-5
66
5
-71
19
-19
36
36
-11
1
-69
53
-2
0
-15
-36
83
-14
-1
-3
13
-7
-71
66
3
13
-8
-9
11
-11
13
8120
-8191
5
-5
66
11
-77
19
-19
30
46
-14
-2
18
5
-17
6
-1
-9
-69
67
12
-11
5
-6
2
-69
53
-2
0
-15
-22
0
0
-7
5
-5
66
14
-80
19
-19
1472
-18
-2
-1459
53
-2
0
-15
-36
1476
-15
13
-6
6730
-8191
5
-5
67
-9
-58
19
-19
46
-2
0
-15
12399
73
-51
-55
11021
11437
-14879
-19967
0
0
-7
5
-5
68
4
-72
19
-19
46
-2
0
-15
-36
-12492
-6776
19268
-15676
4773
10903
-14095
14109
0
0
-7
5
-5
68
0
-68
19
-19
46
-2
0
-15
-36
1050
4
-10
23
-1067
1147
-93
3
10
-16
8
-15
-4
-1026
0
0
-7
5
-5
69
8
-77
19
-19
41
17
11
-7
4
10
1
-19
18
-83
53
-2
0
-15
-36
75
4
-11
-3
18
-69
0
0
-7
5
-5
69
10
-79
19
-19
46
-2
0
-15
-36
75
4
-11
15
-83
68
-3
17
-16
13
-5
-9
18
8115
-8191
5
-5
70
6
-76
19
-19
36
36
-11
-68
53
-2
0
-15
-36
68
5
1
-9
11
-11
13
-3
-10
13
-64
0
0
-7
5
-5
71
-12
-59
19
-19
46
-2
0
-15
-23
62
4
-11
1
-69
75
-1
142
-134
-13
13
8116
-8191
5
-5
71
-2
-69
19
-19
46
-2
0
-15
-23
54
12
-11
1
-69
85
-12
11
2
-7
-10
13
-13
9
-64
0
0
-7
5
-5
73
-4
-69
19
-19
46
29
3
-18
5
7
-2
-4
6
-1
11
-89
75
4
-11
-68
53
-2
0
-15
-22
0
0
-7
5
-5
73
4
-77
19
-19
28
176
-143
5
-2
8
-79
53
-2
0
-15
-36
69
8
-77
69
19
-19
-2
18
114
-4
-116
8119
-8191
5
-5
75
-3
-72
19
-19
44
18
-69
82
3
-9
-7
-4
25
137
-227
67
12
-11
17
-9
-76
53
-2
0
-15
-22
0
0
-7
5
-5
75
3
-78
19
-19
1003
57
-12
-1
-3
2
18
-26
13
-1
14
-1071
1047
-7
15
1
-2
3
-1057
53
-2
0
-15
8162
-8191
5
-5
76
-8
-68
19
-19
36
168
-143
-68
53
-2
0
-15
-36
74
-5
-69
83
-3
5
-2
1
-15
9
143
-207
0
0
-7
5
-5
76
-7
-69
19
-19
36
36
-11
-3
-65
53
-2
0
-15
-36
83
-14
-69
73
17
-4
-21
9
-9
-65
14
0
0
-7
5
-5
76
-1
-75
19
-19
46
-2
0
-15
-36
1050
-838
832
-1044
1080
-35
-1045
1055
-1
-4
6
-11
8
6
-1
7140
-8191
5
-5
76
3
-79
19
-19
46
-2
0
-15
-23
62
4
-11
-68
75
139
-132
1
8115
-8191
5
-5
76
4
-80
19
-19
38
38
-10
4
-11
13
-79
87
-22
-65
53
-2
0
-15
-36
85
-7
-13
5
15
-7
-7
14
-20
-58
5
-5
77
-12
-65
19
-19
3546
50
-14
12
-42
28
14
-24
10
8
6
-7
-3594
53
-2
0
-15
-22
0
0
-7
5
-5
77
-8
-69
19
-19
45
33
-8
-12
19
-19
10
-9
13
-79
65
13
-7
-71
53
-2
0
-15
-36
67
12
-11
1
8129
-8191
5
-5
77
-2
-75
19
-19
46
-2
0
-15
-36
75
4
-11
17
-85
199
-134
11
197
46
-46
-184
-10
3
8116
-8191
5
-5
78
-10
-68
19
-19
1003
38
2
4
-1
6
10
-11
10
-11
14
-1071
1047
-7
15
-7
10
-1058
53
-2
0
-15
-22
-7
5
-5
79
-13
-66
19
-19
38
150
-195
53
-2
0
-15
-36
241
-176
13
-7
-71
67
5
7737
-7720
8109
-8191
5
-5
83
-18
-65
19
-19
27452
-5179
14504
-1924
30676
53
-2
0
-15
-36
20163
10526
-30675
0
0
-7
5
-5
83
-5
-78
19
-19
34
34
-3
7
-11
5
-73
89
-20
-56
40
-2
0
-15
-36
73
16
-24
18
-14
-3
3
9
12
-25
-51
0
0
-7
5
-5
58
0
-58
19
-19
0
86
-40
23
-12
3
-11
-57
60
9
-4
-1
-64
28
9
-4
-1
1
19
8
-5
-2
17
