7
1
-45
53
-2
0
-15
-5
-5
2
13
15
-8
16
-1
-4
-3
-52
55
14
1
8
-13
11
8
-68
23
46
1
8
-13
21
-2
15
-8
16
-1
-4
-3
-52
55
14
1
8
-13
11
8
-68
29
39
8
-13
11
8
-13
19
3
-12
-2
5
2
-1
12
-12
0
14
1
-8
17
15
-8
16
-1
-4
-3
-52
61
7
8
-13
11
8
-68
53
4
19
-9
8
1
-62
23
0
13
2
-7
23
-19
-49
73
1
-9
5
-60
55
14
1
-9
20
-1
2
-11
11
8
-68
40
23
6
-6
-14
27
-3
13
3
-17
19
4
-49
36
19
-9
15
-11
13
7
-6
9
1
-7
-12
17
-44
40
-9
8
14
0
17
-31
24
6
-24
35
-17
21
-13
0
17
-31
40
-4
3
-13
10
-24
20
15
6
-11
-4
4
11
-9
14
-9
3
12
-17
30
-36
-13
-2
2
-11
27
7
-31
-32
17
-2
15
-8
16
-1
-4
-3
-52
66
-7
17
-68
41
31
-7
15
-8
16
-1
-4
-3
-52
72
-13
9
-5
13
-6
9
1
13
-73
40
19
9
-5
13
-6
9
1
13
-42
22
15
-11
8
0
15
-1
35
-1
-40
-2
16
-40
37
-25
24
-24
35
44
-35
28
-9
-30
15
-24
26
-9
0
-10
37
23
-55
-8
32
51
-38
-25
48
10
9
-3
-8
-34
-2
2
