48
-21
-2
2
3
20
7
18
-45
20
1
12
-6
20
8
-9
4
-13
24
1
16
13
-6
9
-3
3
20
-28
26
-2
22
-8
4
-15
39
-8
6
4
18
-8
14
-6
7
19
-26
-11
14
59
-39
49
-16
-9
-33
8
56
-30
46
12
-43
48
-28
-11
18
-5
19
2
-1
0
-49
58
17
4
11
-10
14
11
-65
26
49
4
11
-10
24
1
18
-5
19
2
-1
0
-49
58
17
4
11
-10
14
11
-65
42
26
-2
22
-8
4
-15
39
-8
6
4
18
-8
14
-6
7
19
13
29
-45
-12
73
-43
18
6
9
1
23
-11
10
-41
39
-1
-18
74
-11
-28
6
-13
33
48
-65
72
-36
-22
44
-7
13
1
43
-49
39
-45
24
-3
10
4
-35
40
4
-2
-12
9
24
3
5
34
-9
22
-26
7
-7
6
8
35
-16
-23
3
41
-35
12
40
-59
40
8
-15
5
33
-47
33
-7
6
35
25
-35
-3
2
43
-23
14
16
28
-44
3
0
-13
47
20
-15
23
-18
30
-15
-31
32
39
-32
-7
26
-63
41
0
-13
17
15
-14
8
22
-33
27
3
16
41
-33
9
-9
57
-20
18
-39
60
-26
25
-36
55
15
-21
30
-7
20
27
-35
8
40
-23
-16
23
53
-60
60
-30
-22
28
39
-23
36
-31
-16
29
-21
23
-12
-24
36
33
-30
-20
13
28
-9
58
-53
5
-12
-25
37
-8
18
9
-16
8
17
-5
51
-40
19
-6
49
-16
-27
-14
4
36
-2
23
37
-28
-12
7
48
17
3
5
1
16
-24
36
33
-30
-21
14
54
-22
-3
-10
10
-2
4
39
-10
-3
-15
5
4
45
8
-18
-14
10
49
-10
-32
52
12
-26
40
-37
48
-34
23
-24
4
21
41
-39
-23
36
-19
27
-6
6
-15
55
-26
53
-55
33
-47
33
-7
6
35
25
-35
-3
2
43
-24
-22
31
50
-44
3
0
-13
47
20
-15
23
-21
-5
7
-15
32
39
-32
-7
18
-5
19
2
-1
0
-49
70
9
-64
42
43
-1
6
-10
13
-37
46
8
-7
13
3
20
-35
40
4
-2
14
-1
-23
29
37
-30
35
-22
14
18
-42
50
14
-16
-19
-5
-9
41
0
-13
17
15
-14
8
22
-33
31
-1
8
46
-30
9
-9
57
-17
-8
-33
5
55
-22
2
55
20
-43
34
-10
4
39
20
-37
-21
53
-45
36
31
-23
34
-2
11
-45
56
-12
-18
27
-33
52
29
-39
33
1
13
-36
-3
-12
-25
37
-8
18
9
-16
8
17
-5
51
-40
19
-6
-16
48
-26
-14
4
36
-2
23
37
-28
-12
7
48
-31
13
15
10
3
38
-12
18
-44
32
-11
-46
34
-2
5
4
12
15
18
-45
20
-5
27
34
-19
-28
54
-10
12
-30
4
10
16
-5
-9
51
-13
5
-3
40
-25
10
-5
-25
41
13
22
6
1
-25
54
7
-39
-6
19
-20
28
32
-23
41
-33
1
14
-15
18
-5
19
2
-1
0
-49
58
17
4
11
-10
14
11
-65
42
26
-2
22
-8
4
-15
39
-8
6
4
18
-8
14
-6
7
19
-74
38
36
10
16
0
8
-27
3
-13
59
7
-37
5
-9
-1
-11
