2
19
-29
26
8
-22
22
17
-5
-4
15
-26
43
-4
-7
7
17
40
-53
71
-17
14
-2
-44
-25
23
26
-38
18
-24
9
-29
36
8
-9
-35
39
33
-31
-4
13
32
-16
-14
40
-46
27
-8
25
-35
-2
-23
13
8
43
-31
37
-25
36
-20
-27
30
11
24
16
-16
14
-49
52
-1
-44
27
-27
27
20
7
0
9
38
-51
48
-27
-3
37
7
-14
3
1
-27
49
-44
18
0
-9
6
-42
38
30
-38
4
-25
23
26
-37
16
-14
0
-43
20
-10
-6
-30
66
-33
35
-52
58
-26
46
-42
-22
37
-26
61
-42
2
19
-42
39
7
-3
18
-43
41
13
-7
7
-29
22
-6
12
-15
48
28
-41
-12
-25
24
56
-44
12
12
28
-31
31
13
-50
13
-5
41
-21
-3
-6
52
-25
49
4
5
8
23
-31
41
-17
1
-9
34
-10
33
-54
4
-44
74
-11
2
19
-29
38
-15
21
-12
19
-5
-3
7
17
-37
31
14
-1
16
-23
18
-38
4
2
19
-29
25
-3
21
-9
3
-16
38
-9
5
3
17
-9
13
-7
6
18
27
-48
-22
50
-3
38
-61
33
32
-19
-20
-2
-18
61
10
-27
55
2
19
-29
26
8
-26
37
-7
17
-13
23
-1
7
-5
25
-17
-47
75
3
-7
7
-58
42
25
8
-4
17
-26
17
22
-4
-3
-3
4
15
-14
36
-38
-22
-1
55
-36
8
-16
4
-9
19
-34
-36
28
-22
17
-6
18
1
-2
-1
-50
57
16
3
10
-11
13
10
-66
25
48
3
10
-11
23
0
17
-6
18
1
-2
-1
-50
57
16
3
10
-11
13
10
-66
41
25
-3
21
-9
3
-16
38
-9
5
3
17
-9
13
-7
6
18
13
-13
49
-34
-5
52
0
-31
46
-38
-24
35
-5
6
-8
-29
-16
17
-1
-11
9
2
19
-29
37
2
-5
9
-3
29
-28
-32
17
43
-21
-25
52
7
-38
4
24
-28
-23
32
36
-25
-16
2
-6
-26
39
-26
-6
-7
1
19
-7
8
39
14
-67
46
1
17
-49
57
-12
20
-45
53
-9
17
-46
31
-6
-14
75
-27
2
25
8
-10
-43
30
46
-41
13
11
23
-28
49
-61
64
-35
35
-27
-25
24
16
1
0
11
11
-35
59
9
3
-5
23
0
-29
36
8
-9
33
-54
4
-24
45
4
-19
-4
-16
4
2
19
-32
21
6
12
-6
10
2
-24
41
-4
13
5
8
-29
37
2
-5
9
-3
13
-3
0
21
9
3
-36
39
3
-3
2
28
8
-34
11
-28
72
-38
44
-38
-12
-4
21
-20
17
-6
18
1
-2
-1
-50
69
8
-65
24
55
-8
7
-4
25
-32
29
2
29
-48
40
5
11
-3
19
-11
-3
13
-3
17
-8
2
28
8
-34
12
-4
43
-34
44
-54
4
0
7
4
1
14
-10
2
16
3
-6
19
2
19
-32
21
6
12
-6
10
2
-19
23
16
-4
-11
45
-60
29
53
-53
46
-38
11
43
-54
48
26
-54
4
-2
24
-2
-5
25
-17
-47
75
3
-7
7
-58
57
16
3
-7
22
1
4
-9
13
10
-66
42
25
8
-4
-12
29
-1
15
-1
7
50
-1
40
-13
23
-11
14
5
3
13
-13
49
-34
-5
52
0
-31
47
-9
9
-28
-6
7
-8
-35
62
-54
51
-26
18
-16
17
-6
18
1
-2
-1
-50
57
16
3
10
-11
13
10
-66
70
1
-59
38
21
6
12
-6
10
2
-20
24
17
-9
10
2
17
11
27
-42
-25
15
41
-4
11
3
-5
19
19
-19
8
42
-38
10
20
25
-17
-28
20
3
-30
60
-22
7
-16
4
-33
34
6
5
43
-38
11
18
-44
64
1
-23
-7
4
14
-6
1
36
-45
-15
-6
-8
-6
29
11
-44
16
-14
0
-42
35
5
5
-32
22
25
-12
0
27
17
-1
-23
22
-36
28
-19
3
3
56
7
-38
4
-6
36
16
-27
-5
45
10
-37
10
29
15
-10
5
22
1
24
0
-61
33
33
-31
15
9
-35
22
-4
-7
-18
-11
42
-18
57
-1
-13
-6
16
-40
38
36
-14
15
-31
8
9
35
10
10
26
2
17
-7
6
11
-20
58
16
-13
14
-2
22
17
-6
18
1
-2
-1
-50
57
16
3
10
-11
13
10
-66
70
1
-59
38
21
6
12
-6
10
2
-24
41
-4
13
-3
22
-10
2
16
3
-6
19
-5
25
-17
-47
75
3
-7
7
-58
42
25
8
-4
17
16
2
4
0
15
-14
-10
50
-19
7
2
-16
18
27
-20
-9
19
-12
36
1
-10
38
-14
-11
22
3
11
-29
-8
0
4
-23
41
3
2
19
-29
42
-2
5
-11
12
-22
22
17
8
-9
-2
6
27
-48
-22
50
-4
-16
4
-22
23
-30
13
61
-33
-27
49
8
-38
4
19
4
-7
13
-6
16
14
-54
-6
29
11
-44
16
-13
13
18
37
-3
9
41
-28
48
-40
7
-16
4
-28
10
49
-35
27
-38
4
2
19
-36
33
9
-5
-48
33
43
-4
-7
7
17
7
-7
-53
64
13
0
3
-60
32
13
0
3
-9
53
4
-13
28
-25
57
-38
2
28
8
-34
7
-16
4
24
-31
38
-24
27
-38
4
-25
23
26
-37
16
-13
13
18
37
-3
9
-17
-16
17
6
-7
5
11
27
11
9
-42
-21
31
34
-38
-10
38
-25
37
34
-54
4
-5
25
-17
-47
75
3
-7
7
-58
31
47
-11
17
-13
23
-1
7
2
19
-29
26
8
-38
48
10
-3
10
2
11
-44
46
0
24
-31
52
-38
27
-38
4
7
-7
-53
55
19
-11
6
9
1
-51
62
16
4
0
-62
75
3
-7
7
-58
24
59
-1
-11
-32
53
4
-13
28
-51
55
-11
4
3
17
17
17
26
-21
26
-54
4
-5
25
-17
-47
63
10
-61
28
39
7
-3
-1
-24
37
2
-5
9
-3
36
-21
-16
-6
52
-8
5
8
-38
13
0
3
-9
53
4
-13
28
-6
29
11
-45
18
-24
9
-33
34
6
5
43
-38
11
18
25
-38
1
14
-33
5
40
18
-12
-30
2
31
-4
57
-48
10
-1
13
47
-18
-22
32
20
-12
-46
53
13
-32
13
22
-9
-11
16
37
-9
23
-31
41
-17
1
-9
34
-10
-37
54
-46
52
-25
17
-16
-12
-10
36
-14
42
-30
1
32
14
-36
-4
-13
17
5
-6
10
3
-39
48
-7
5
2
19
-34
27
19
7
-4
7
-3
-24
37
-7
17
-13
23
-1
7
-32
23
16
-4
2
19
-36
39
3
-3
2
19
-34
27
19
7
-4
7
-3
-24
37
-7
17
-13
23
-1
7
13
-2
24
-1
-41
59
-1
-11
-32
53
4
-13
28
2
19
-29
26
8
-26
37
-7
17
-13
23
-1
7
-32
23
16
-4
36
-28
34
9
19
39
-43
52
-52
-10
18
21
-27
73
-40
30
-38
4
-30
27
1
-2
5
33
-40
8
-2
12
36
0
22
-54
4
17
-6
18
1
-2
-1
-50
74
-11
11
-3
15
-4
11
3
15
-71
42
21
11
-3
15
-4
11
3
15
-40
24
17
-9
10
2
17
-31
36
-34
36
-56
72
-24
-20
0
4
2
39
-16
2
3
4
-9
38
-16
26
-23
-7
58
-60
57
-16
34
-54
4
-25
24
56
-44
11
13
-14
-2
19
-16
4
-17
8
8
11
30
-13
-5
25
-11
7
18
-10
24
-17
-36
31
-21
18
-13
34
48
-41
47
-43
38
-4
-28
20
-13
-14
63
-13
33
-54
4
-7
2
-20
3
9
15
5
8
-39
41
10
17
-6
18
1
-2
-1
-50
57
16
3
10
-11
13
10
-66
41
25
-3
21
-9
3
-16
38
-9
5
3
17
-9
13
-7
6
18
-75
37
35
9
15
-1
7
-7
28
9
-13
-31
0
4
-5
25
-17
-47
75
3
-7
7
-58
26
33
23
-11
-14
53
-2
-31
28
-38
4
-14
21
-9
-11
17
-24
48
-27
4
24
33
-40
39
-41
0
2
19
-32
21
6
12
-6
10
2
-20
24
17
-9
10
2
17
40
-46
8
11
31
-34
0
40
-13
-15
21
4
28
-46
-4
44
34
-54
4
-12
9
1
3
21
-5
-3
2
19
-34
27
19
7
-4
7
-3
-36
48
10
-3
10
2
11
-44
46
0
5
8
-38
13
0
3
5
23
12
-1
2
21
-3
22
-33
27
23
0
7
-7
-53
64
13
0
3
-60
32
13
0
3
5
23
12
-1
2
21
12
7
33
-26
2
21
-50
27
2
44
5
-31
10
40
-54
40
-31
49
-40
-6
0
4
13
-5
19
-22
-4
-16
4
-25
23
26
-42
22
5
-20
2
19
-44
37
21
-9
-2
6
-24
31
