2
19
-29
26
8
-22
22
17
-5
-4
15
-26
43
-4
-7
7
17
-4
11
3
-5
-36
35
-30
34
-23
57
23
-39
10
-8
38
-24
-26
58
-38
37
-18
21
-23
20
14
-4
-26
7
-16
4
-42
18
-18
38
-4
38
9
-27
13
25
-42
9
3
-36
39
3
-3
16
2
4
0
15
9
3
-29
37
2
-5
9
-3
17
-6
18
1
-2
-1
-50
74
-11
11
-3
15
-4
11
3
15
-71
42
21
11
-3
15
-4
11
3
15
-40
24
17
-9
10
2
17
2
19
-29
42
-2
5
-11
12
-22
22
17
8
-9
-2
6
27
-39
44
-24
-5
13
32
-34
5
-16
4
2
19
-29
38
-15
21
-12
19
-5
-3
7
17
-37
31
2
19
-29
25
-3
21
-9
3
-16
38
-9
5
3
17
-9
13
-7
6
18
37
-18
21
-23
20
14
-4
-26
12
7
-28
45
-23
40
-42
3
9
15
-42
18
-18
38
-4
50
-5
-23
-26
62
-42
17
-6
18
1
-2
-1
-50
57
16
3
10
-11
13
10
-66
41
25
-3
21
-9
3
-16
38
-9
5
3
17
-9
13
-7
6
18
-75
37
35
9
15
-1
7
-36
35
-30
34
-23
57
23
-39
10
-12
40
-24
13
21
-38
17
-6
18
1
-2
-1
-50
57
16
3
10
-11
13
10
-66
25
48
3
10
-11
23
0
17
-6
18
1
-2
-1
-50
57
16
3
10
-11
13
10
-66
41
25
-3
21
-9
3
-16
38
-9
5
3
17
-9
13
-7
6
18
27
-39
44
-24
-5
-16
4
