-12
17
-30
22
12
-11
-2
5
-18
36
-7
8
5
-7
13
7
17
-11
-2
21
-13
-29
46
-1
0
-27
22
19
0
17
-37
26
16
2
-16
8
0
-33
47
-9
23
-5
-5
2
13
15
-8
16
-1
-4
-3
-52
55
14
1
8
-13
11
8
-68
29
39
8
-13
11
8
-2
5
2
-1
12
-12
0
14
1
-8
17
15
-8
16
-1
-4
-3
-52
67
6
-67
36
36
-1
-10
4
16
2
-7
23
-19
-49
73
1
-9
5
-60
55
14
1
-9
20
-1
2
-11
11
8
-68
40
23
6
-6
-14
27
-3
13
0
17
-35
37
-7
0
4
7
-11
21
-9
7
-5
-36
37
2
16
-11
16
2
0
17
-45
53
-2
0
-15
20
0
17
15
-8
16
-1
-4
-3
-52
67
6
-67
22
53
-5
-8
10
-5
15
-8
16
-1
-4
-3
-52
72
-13
9
-5
13
-6
9
1
13
-73
39
28
8
-36
26
16
2
-16
8
0
-10
19
0
15
-8
16
-1
-4
-3
-52
72
-13
9
-5
13
-6
9
1
13
-73
59
14
-4
-61
39
28
8
-36
26
16
2
-16
8
0
