10
-25
-21
29
-8
8
-16
30
39
-20
-6
18
24
-40
-14
46
20
-17
39
22
15
-41
1
57
3
-30
-10
-16
42
19
-28
11
14
-14
-16
44
-24
9
3
-43
55
0
2
-13
21
17
-66
31
34
-50
6
28
-2
40
-56
45
-14
3
48
-11
11
-46
4
38
-19
22
36
-24
-2
-6
-14
25
9
13
28
-10
24
-59
56
-16
24
-6
26
-28
36
-36
-16
2
19
-29
25
-3
21
-9
3
-16
38
-9
5
3
17
-9
13
-7
6
18
-3
-3
4
15
17
-6
18
1
-2
-1
-50
57
16
3
10
-11
13
10
-66
25
48
3
10
-11
23
0
-4
48
4
-10
-6
-2
-21
47
9
-45
51
-20
31
-37
51
-35
2
11
38
-30
-23
68
-6
-24
-2
53
1
-33
30
5
8
-5
23
-13
-45
51
7
7
-53
29
37
-57
71
-32
31
9
-53
29
-3
51
-41
19
-34
61
-47
49
-11
29
12
17
-6
18
1
-2
-1
-50
57
16
3
10
-11
13
10
-66
41
25
-3
21
-9
3
-16
38
-9
5
3
17
-9
13
-7
6
18
-3
8
-9
6
6
14
5
-11
17
-28
23
2
6
8
17
-13
17
9
3
-36
39
3
-3
17
-6
18
1
-2
-1
-50
57
16
3
10
-11
13
10
-66
31
41
10
-11
13
10
-5
25
-17
-47
75
3
-7
7
-58
23
53
4
-13
28
-41
33
14
5
17
-6
18
1
-2
-1
-50
57
16
3
10
-11
13
10
-66
31
41
10
-11
13
10
-42
39
7
12
-11
17
-5
25
-17
-47
75
3
-7
7
-58
57
16
3
-7
22
1
4
-9
13
10
-66
42
25
8
-4
-12
29
-1
15
30
-3
-17
-5
20
7
2
-15
-16
55
-7
-4
11
3
-5
22
-23
16
-16
7
17
6
-14
-17
60
-25
11
29
-4
-34
-10
2
16
3
-6
19
-18
35
13
-33
1
17
-28
32
10
-5
45
-12
-14
-16
4
-33
13
28
-9
56
-46
4
18
-14
-9
39
0
6
-4
-2
2
42
-52
40
-15
-16
44
2
0
6
22
-38
16
2
4
0
15
28
9
-23
-8
0
12
9
-7
18
-29
21
4
16
12
-4
-7
37
-38
4
2
19
-29
26
8
-22
37
-15
23
-11
2
19
-29
42
-2
5
-11
12
-22
22
17
8
-9
-2
6
-15
53
-12
7
-32
-6
47
-29
10
32
-13
2
-8
55
-41
16
36
-54
4
-23
32
32
-4
-44
40
27
-15
23
-40
-9
32
-11
0
4
10
-25
-21
29
-7
41
9
-24
34
-20
36
-15
-45
28
-21
54
24
-26
35
-17
15
-25
20
-15
36
-16
-38
46
-15
-2
-12
-6
21
-17
-9
6
6
14
5
-11
17
-28
23
2
6
8
17
-13
17
36
-3
-1
-28
10
5
-31
26
16
-6
52
-18
13
15
-4
-18
33
-54
4
-9
19
13
-31
-4
28
15
-31
20
-16
4
21
17
-66
31
34
-50
6
28
-2
40
-56
45
-14
3
48
-11
11
-46
4
38
-19
22
36
-27
2
39
-7
-20
26
-20
33
-17
-2
6
23
1
5
-38
4
41
-8
-54
20
58
-13
-31
35
12
17
-48
22
-34
72
-39
12
42
-46
-4
7
4
17
-6
18
1
-2
-1
-50
57
16
3
10
-11
13
10
-66
24
52
1
-10
7
3
2
22
5
-30
23
2
6
8
17
-13
17
-5
25
-17
-47
75
3
-7
7
-58
40
19
17
-6
15
2
29
-21
-9
8
0
42
-37
9
2
20
7
-18
41
-38
4
17
-6
18
1
-2
-1
-50
74
-11
11
-3
15
-4
11
3
15
-71
42
21
11
-3
15
-4
11
3
15
-40
24
17
-9
10
2
17
2
-29
75
-48
56
3
-50
38
-29
20
-1
9
-8
-13
51
46
-3
-23
1
37
-38
4
3
9
15
17
-6
18
1
-2
-1
-50
57
16
3
10
-11
13
10
-66
41
25
-3
21
-9
3
-16
38
-9
5
3
17
-9
13
-7
6
18
-75
37
35
9
15
-1
7
-33
13
28
-9
55
-25
-16
18
23
-21
27
-14
6
-7
17
-12
-19
8
41
1
17
10
-12
-15
6
52
-40
36
-49
3
29
30
-46
1
31
-26
74
-5
-34
-18
42
20
-28
41
-16
-39
31
51
-39
-21
27
33
-31
5
17
40
-63
17
19
27
-18
-10
20
5
27
-29
13
-14
41
-10
-2
3
-30
25
1
19
22
-29
24
26
-31
1
19
-16
42
-26
18
-18
0
4
7
4
-31
38
21
-7
10
3
-5
23
0
-39
41
10
