-6
9
1
-7
-10
-14
41
-34
34
-25
36
-21
35
-47
-10
0
-19
43
-15
18
7
12
12
-41
31
9
-6
0
17
-48
57
-41
21
14
-6
11
5
6
-12
0
17
-46
31
21
-17
-12
35
-17
21
-13
-7
23
-19
-49
73
1
-9
5
-60
22
41
13
-31
20
17
-12
0
14
1
-8
17
-7
23
-19
-49
66
-7
17
-68
39
30
-10
10
-4
17
19
2
-8
-3
0
17
-31
40
-4
3
-13
10
-24
20
15
6
-11
-4
4
14
0
5
-2
-5
17
-13
1
15
-8
16
-1
-4
-3
-52
66
-7
17
-68
75
-12
-1
5
-57
43
20
-1
5
-26
22
15
-11
8
0
15
15
-8
16
-1
-4
-3
-52
66
-7
17
-68
75
-12
-1
5
-57
43
20
-1
5
-36
46
1
-6
5
0
16
-1
-15
21
-9
8
1
3
-17
19
4
-31
18
0
15
-7
23
-19
-49
66
-7
17
-68
29
39
-7
17
-49
37
2
16
-11
16
2
0
17
-14
0
15
2
-3
7
-5
-7
23
-19
-49
73
1
-9
5
-60
32
31
12
3
-11
10
4
9
-15
-21
25
17
5
-6
5
-5
31
-40
2
-5
-5
2
13
-8
19
-19
-5
-3
7
-3
13
-9
-6
13
-1
19
-19
1
-7
23
-19
-49
66
-7
17
-68
29
39
-7
17
-31
30
-10
10
-4
17
-49
37
2
16
-11
16
2
22
-50
54
-18
-3
-1
-27
29
7
-34
72
-39
12
19
14
4
-9
3
9
13
2
5
10
-16
1
-23
28
22
-42
22
15
-11
8
0
10
-6
11
8
5
2
-20
25
17
5
-6
5
-5
15
-8
16
-1
-4
-3
-52
55
14
1
8
-13
11
8
-68
23
46
1
8
-13
21
-2
-38
70
-27
1
35
-2
-52
-11
9
-5
-2
20
-12
15
-8
16
-1
-4
-3
-52
66
-7
17
-68
75
-12
-1
5
-57
39
18
0
15
-26
21
16
4
-7
10
-37
68
6
-34
-1
-6
50
-40
29
-26
44
-39
32
-3
15
-39
7
-18
2
0
17
-31
36
-3
2
-2
-1
-4
0
15
8
-31
35
-17
21
-13
14
1
2
-7
0
19
-12
17
11
-11
3
12
-5
-21
25
17
5
-6
5
-5
-14
-13
-24
1
37
5
-40
-9
36
-58
49
21
-8
-36
17
-11
-2
21
-13
-12
20
-1
5
-27
37
-10
10
-17
47
5
-40
9
18
17
-23
-7
-18
2
15
-8
16
-1
-4
-3
-52
67
6
-67
22
53
-10
5
-6
-47
52
-47
23
14
30
-5
-6
-11
34
-7
-21
-11
-3
-14
29
-27
35
-27
27
12
-20
59
-31
-37
25
-10
15
-8
16
-1
-4
-3
-52
72
-13
9
-5
13
-6
9
1
13
-73
40
19
9
-5
13
-6
9
1
13
-42
22
15
-11
8
0
15
15
-8
16
-1
-4
-3
-52
66
-7
17
-68
75
-12
-1
5
-57
39
36
-3
2
-2
-1
-4
0
15
8
-31
35
-17
21
-13
7
10
-19
13
-1
-3
-46
59
15
-44
33
-35
-15
29
7
-12
48
-36
45
-11
0
-25
45
-72
15
-2
5
2
-1
12
-12
0
14
1
-8
17
4
16
6
-10
11
-11
0
17
-47
46
1
2
-7
0
19
-9
8
1
-35
39
-6
11
15
-8
16
-1
-4
-3
-52
66
-7
17
-68
75
-12
-1
5
-57
43
20
-1
5
-30
39
-6
11
-7
23
-19
-49
66
-7
17
-68
39
30
-10
10
-4
17
-49
37
2
16
-11
16
2
14
1
2
-7
0
19
-9
15
-11
13
7
15
-8
16
-1
-4
-3
-52
66
-7
17
-68
75
-12
-1
5
-57
43
20
-1
5
-26
22
15
-11
8
0
15
-76
53
20
-1
5
-27
37
-10
10
-7
23
-19
-49
73
1
-9
5
-60
55
14
1
-9
20
-1
2
-11
11
8
-68
40
23
6
-6
-14
27
-3
13
-12
-1
5
2
-8
-3
-9
9
-25
28
7
10
30
-18
10
4
1
-8
-44
37
30
-38
-1
34
4
-28
8
-18
2
-11
0
14
1
2
-7
0
19
12
-46
46
1
2
-7
0
19
-13
1
-12
17
-27
20
-1
5
-34
43
-11
3
12
-5
1
-11
-2
20
2
-2
-10
8
-6
21
-13
0
17
-31
18
0
15
-26
21
16
4
-7
10
1
0
17
-13
3
9
5
-1
13
-9
-2
16
0
17
-27
20
-1
5
-20
35
-17
21
-13
7
-11
4
19
-9
15
-15
