13
-9
-29
30
2
-20
0
-32
0
25
-8
22
-3
-18
2
38
-38
29
-14
-1
-13
48
27
-27
18
-33
17
-6
-10
14
-12
-17
48
-18
23
-23
36
4
-5
6
-17
0
29
-15
-11
13
17
-22
0
4
19
-29
25
22
-37
-24
-6
-22
59
-7
-7
0
11
-27
28
-29
29
41
-58
0
42
-7
-25
-5
-22
22
13
-7
49
-10
-33
-6
-18
53
-41
40
-35
47
-15
-15
21
-36
8
-12
-2
37
-13
-24
-1
-12
25
6
16
6
-9
12
-36
-12
32
-41
-20
15
-15
-35
33
-23
46
-61
48
-27
-23
73
-32
30
-70
49
-29
34
-55
20
-1
19
30
-40
-4
14
-16
-21
34
36
-50
30
-27
-21
18
2
11
-13
-17
23
10
-19
7
40
-45
54
-45
27
-7
9
10
-9
-9
-28
34
-29
8
25
7
-32
-14
35
-30
9
4
32
1
-22
-30
2
49
-42
11
0
20
3
-4
3
0
-3
10
-14
-2
12
-1
-10
15
15
-15
-35
33
-23
46
-61
49
-12
-39
60
-19
30
-70
49
-29
34
-55
20
8
-6
45
-38
10
32
1
-21
-31
2
-22
71
-39
3
-2
-38
54
6
-51
28
1
-16
-8
26
-8
33
4
-13
-32
41
-52
17
-7
20
18
2
-9
-9
31
0
-41
8
-33
32
-15
-21
-1
23
-3
2
49
-42
11
-2
22
-11
-10
-15
39
9
-1
4
-16
23
13
-44
38
-35
3
32
1
-28
-5
2
45
-40
8
16
-47
-9
21
-21
-51
71
-1
-11
3
-62
53
12
-1
-11
18
-3
0
-13
9
6
-70
38
21
4
-8
-16
25
-5
11
-9
7
30
8
-6
17
-49
36
-54
58
-27
-9
11
22
-16
-18
20
-24
1
3
8
20
-30
36
-27
23
-35
7
-2
9
-13
-18
60
-32
23
-29
-1
32
-20
-11
3
-1
-3
36
-6
-31
22
-40
32
21
-4
-28
11
17
-16
2
-29
10
16
-34
29
9
0
0
29
-36
-10
51
-72
17
34
-14
-33
20
11
2
31
-60
12
18
21
-42
24
33
-66
-6
49
-49
61
-32
5
-15
-20
32
0
1
-8
-4
15
-36
70
-43
5
-15
20
-20
3
-20
24
9
-16
44
-28
22
-28
-6
45
-38
-9
38
-40
-16
28
10
20
-2
-19
33
-67
17
18
19
-33
-7
15
26
-19
-11
10
-19
13
-13
0
-21
30
4
-10
-2
8
43
-43
-27
19
28
-10
-2
18
-1
-29
35
11
-7
-35
9
-5
8
-9
-12
-21
23
-2
38
13
-40
6
-5
38
-44
8
24
8
-49
7
-4
-13
9
19
23
-3
-48
12
40
7
-36
1
3
-14
34
-23
30
-45
56
-53
1
-17
49
-16
-19
20
-7
3
21
-37
35
-36
42
-54
14
14
-33
26
8
1
-18
4
34
-26
11
19
-31
-8
18
22
2
-37
-2
2
43
-42
32
-24
7
-6
-1
38
-38
-1
23
-4
-34
-1
38
-38
10
-5
34
-30
4
5
-34
25
0
12
35
-40
-32
52
-20
26
-34
15
-17
3
-23
23
-3
18
20
-19
-41
32
17
-27
32
-17
-16
0
15
-19
20
1
-6
-33
37
-1
-15
16
-1
-19
42
-7
1
-27
48
-37
33
-50
13
-32
50
-10
-18
-23
6
44
-10
-7
38
-51
36
12
-42
-7
15
17
-15
-14
0
4
24
-30
1
8
9
-5
23
-34
29
-15
35
-29
-39
28
42
-32
-10
-11
-3
47
-5
-18
-21
44
5
-27
-22
17
-9
9
-19
20
16
-36
37
-50
32
-15
34
-35
19
-7
0
19
-26
11
-34
14
41
-6
21
-36
-10
12
-38
4
61
-16
-30
22
18
-41
41
-42
0
2
18
-5
-8
15
-19
21
-24
4
37
-18
-17
11
36
-11
13
-22
-48
38
26
-28
32
0
-40
-2
-6
3
31
-8
-16
30
-40
-2
39
-30
23
-33
35
17
-48
9
4
-12
12
1
-1
-37
18
7
32
-27
-27
24
-26
66
-36
7
-18
5
48
-32
20
-43
32
-13
0
-12
0
12
-15
37
-42
17
38
-21
-17
1
25
-51
19
9
-2
-6
29
-33
-22
56
-33
-7
3
50
-15
-16
20
-27
28
-23
-38
28
12
-22
36
-37
23
-22
15
8
-25
16
1
-12
12
-10
-2
-22
58
-6
-12
-23
45
-45
54
-67
25
12
-39
23
47
-42
3
27
-22
-17
1
42
-31
6
-6
-29
35
-6
23
11
-31
-19
17
-33
36
14
6
-32
30
-1
-37
-16
41
-25
6
6
-29
41
-2
28
-47
17
-37
18
32
-13
-20
-16
50
-17
-13
12
3
-3
-32
20
30
-14
-34
22
30
-2
7
8
-16
-13
-20
41
4
3
0
-21
16
27
-42
0
34
-14
-4
-17
5
-22
5
13
33
-28
28
-38
-14
-13
38
-22
19
-9
19
