2
19
-29
26
8
-22
22
17
-5
-4
15
-26
43
-4
-7
7
17
-5
25
-17
-47
63
10
-61
31
41
6
9
3
-29
37
2
-9
0
16
-5
25
-17
-47
74
-11
23
0
-66
41
26
8
7
0
-3
-29
33
23
-11
-27
45
7
-1
-8
23
-4
11
3
-5
-5
25
-17
-47
63
10
-61
24
55
-11
4
3
17
-9
3
-14
23
0
7
5
17
-14
33
21
-35
35
14
4
-25
-1
38
-6
-25
32
-27
-12
-3
-16
4
13
-26
58
-18
-14
-15
3
43
34
-13
13
-28
-6
7
-8
16
2
4
0
15
33
15
-4
-18
-18
14
46
-42
51
-60
67
-16
-13
-1
40
-12
12
-3
9
-24
-5
37
-48
22
60
-11
-49
48
-44
53
-28
11
-2
43
-49
51
-47
10
30
-5
25
-17
-47
75
3
-7
7
-58
34
39
-8
2
15
-3
2
19
-29
42
-2
5
-11
12
-22
22
17
8
-9
-2
6
2
19
-29
38
-15
21
-12
19
-5
-3
7
17
-37
31
2
19
2
19
-29
25
-3
21
-9
3
-16
38
-9
5
3
17
-9
13
-7
6
18
13
32
0
-19
-37
8
56
-2
25
-38
-12
-20
9
23
6
52
-48
47
-20
-35
53
15
-26
8
10
34
-43
53
-36
33
-9
28
-70
66
-26
46
-37
43
-43
19
-19
44
-21
30
-50
-1
47
20
-29
-8
-22
10
44
-36
7
-16
4
-5
25
-17
-47
63
10
-61
31
41
6
9
3
-29
37
2
-9
0
16
-23
23
0
7
5
17
2
19
-39
41
9
5
-15
17
-7
6
-20
65
-57
55
12
-49
20
14
26
-44
53
-25
15
16
-21
12
-29
58
15
-13
-23
-15
62
-32
2
-12
19
18
27
-35
-4
-22
10
44
-36
12
-13
-11
48
-13
-16
4
17
-6
18
1
-2
-1
-50
57
16
3
10
-11
13
10
-66
25
48
3
10
-11
23
0
-9
0
7
-20
33
9
-5
17
-6
18
1
-2
-1
-50
57
16
3
10
-11
13
10
-66
41
25
-3
21
-9
3
-16
38
-9
5
3
17
-9
13
-7
6
18
-5
25
-17
-47
63
10
-61
40
23
0
7
5
17
13
-26
58
-18
-14
-15
3
43
34
-1
7
-36
34
-31
-8
23
-39
-19
49
-28
52
2
-21
-18
11
52
-41
-6
-6
-3
27
53
-36
44
-20
12
6
-56
27
37
19
-16
-22
18
-27
69
-44
52
-40
-22
51
28
-52
56
-38
47
-54
4
-5
25
-17
-47
75
3
-7
7
-58
25
34
15
-3
13
-6
1
21
-49
40
25
-29
-20
4
12
22
39
-2
-49
54
-27
49
-62
9
3
-36
39
3
-3
-5
25
-17
-47
75
3
-7
7
-58
72
-9
6
2
23
-70
38
21
23
4
-11
17
0
-14
33
21
-35
35
14
4
-25
0
7
-31
30
33
-28
-12
39
19
-15
1
28
-69
69
-21
23
-4
26
-38
-8
52
8
9
3
-29
37
2
-5
9
-3
8
-2
9
-11
2
19
-44
37
5
-1
24
-5
12
17
-6
18
1
-2
-1
-50
74
-11
11
-3
15
-4
11
3
15
-71
42
21
11
-3
15
-4
11
3
15
-40
24
17
-9
10
2
17
-14
33
21
-35
35
14
4
-25
-5
-16
4
-11
21
5
-10
24
-48
50
-14
-22
10
-17
3
9
15
17
-6
18
1
-2
-1
-50
57
16
3
10
-11
13
10
-66
41
25
-3
21
-9
3
-16
38
-9
5
3
17
-9
13
-7
6
18
-75
37
35
9
15
-1
7
-5
25
-17
-47
75
3
-7
7
-58
26
33
23
-11
35
7
-51
47
26
-65
58
-1
9
-46
22
1
-2
20
38
-14
11
-27
46
-22
-19
2
59
2
19
-28
25
8
-4
-22
10
44
-36
11
-25
51
-9
-37
54
-34
25
-11
-42
