-2
39
0
32
-30
-12
-1
-2
12
-1
-2
-10
4
-27
28
-31
49
6
-18
-19
17
21
-14
-12
22
-51
12
-11
13
-4
-7
-6
-55
51
9
8
-17
14
-6
-1
4
-13
-59
53
0
16
-14
-7
1
-56
50
1
16
-12
5
-2
-65
23
8
5
-8
-11
12
-11
13
-4
-7
-6
-55
52
11
-2
5
-16
8
5
-71
19
47
-4
-15
2
-2
-3
17
0
-35
18
-3
1
3
12
-18
12
-15
-3
11
-2
-11
14
-14
-32
4
2
-1
0
12
-11
13
-4
-7
-6
-55
64
3
-70
29
34
-1
0
-12
12
-10
20
-22
-52
70
-2
-12
2
-63
18
48
-1
-18
23
-46
28
9
0
9
-48
36
9
-17
11
6
-18
12
-10
4
-8
-3
14
-3
12
-12
1
6
-41
36
9
-17
11
6
-18
12
6
-40
26
-26
23
-10
-20
64
-37
27
-25
-27
42
-50
26
29
-10
7
0
-58
26
-27
29
21
-18
-21
11
-1
6
-1
-12
8
16
20
-15
0
0
-20
16
1
-49
36
9
-17
11
6
-18
12
6
1
-14
10
-16
16
-14
-8
-8
-1
10
9
-47
40
-14
0
9
-8
-2
-11
16
-22
12
-11
13
-4
-7
-6
-55
52
11
-2
5
-16
8
5
-71
26
36
5
-16
8
5
-47
34
2
7
-16
12
-10
20
-22
-52
70
-2
-12
2
-63
52
11
-2
-12
17
-4
-1
-14
8
5
-71
37
20
3
-9
-17
24
-6
10
19
-57
18
2
10
-8
26
-2
-19
-35
52
-36
-19
71
-2
-30
28
-59
-1
-14
1
1
9
0
-16
12
-33
18
-3
1
3
12
-18
12
12
-11
13
-4
-7
-6
-55
52
11
-2
5
-16
8
5
-71
20
43
-2
5
-16
18
-5
-8
3
-14
1
1
9
0
-16
12
-33
18
-3
1
3
12
-18
12
12
-11
13
-4
-7
-6
-55
51
9
8
-17
14
-6
-1
4
-13
-59
19
41
8
-17
14
-6
-1
4
-13
-40
34
-4
14
3
-16
12
2
-1
-36
33
16
-12
5
-2
16
-14
31
-31
13
-12
13
-15
9
-8
-24
22
-28
35
23
-37
-9
-2
5
0
31
-39
-24
46
12
-43
-1
-2
-16
62
-21
18
-59
-1
