3
-17
19
4
-31
20
15
6
-11
-4
4
9
38
-5
-38
16
-36
67
-33
-10
-9
-11
57
-13
-8
-22
33
27
-34
49
-36
8
7
18
-23
-10
-13
61
-36
47
-9
-31
11
3
-27
30
4
24
-32
15
-16
-18
52
-11
0
17
-45
53
-2
0
-15
20
21
-7
14
-32
-8
42
-2
-23
5
31
2
-11
-15
2
-18
15
-8
16
-1
-4
-3
-52
61
7
8
-13
11
8
-68
57
21
-2
0
-15
-49
36
-6
9
1
-7
28
-15
9
-6
-9
5
15
15
-8
16
-1
-4
-3
-52
67
6
-67
22
53
-5
-8
10
-5
15
-8
16
-1
-4
-3
-52
55
14
1
8
-13
11
8
-68
23
46
1
8
-13
21
-2
0
17
-31
35
0
-7
7
-5
0
17
-49
36
19
-9
8
1
15
-8
16
-1
-4
-3
-52
61
7
8
-13
11
8
-68
53
4
19
-9
8
1
-62
34
-7
20
10
-14
8
1
-11
10
-4
7
-5
26
-26
0
13
2
15
-8
16
-1
-4
-3
-52
55
14
1
8
-13
11
8
-68
29
39
8
-13
11
8
0
17
-41
39
8
5
2
-28
40
-9
8
14
-48
9
56
-37
-2
11
-14
-38
60
5
-8
23
-30
27
-34
-10
24
34
-22
-11
3
28
-10
12
1
6
-31
7
-8
47
-39
45
-15
18
-19
-47
29
39
-12
-27
43
3
-10
-34
-2
2
15
-30
35
-31
44
-10
-55
28
6
-10
-6
