-6
19
10
4
5
-13
8
-21
49
-45
18
3
33
-17
4
-41
1
5
-27
26
-24
-26
16
51
-16
11
-35
-20
47
-13
-18
-3
-1
16
-45
36
4
-6
15
-46
38
10
-4
-12
8
-6
-3
19
-13
2
5
-1
16
-46
52
-3
-14
14
-3
-12
12
-24
34
-4
4
-16
7
-1
-32
38
10
-12
-1
18
-4
4
8
4
-10
-56
61
10
-3
0
-63
29
10
-3
0
-12
50
1
-16
25
22
-20
9
4
-10
2
11
-6
14
-9
15
-2
-5
-4
-53
66
5
-68
24
42
9
-12
10
-2
0
0
-7
10
7
14
-9
15
-2
-5
-4
-53
66
5
-68
21
52
-11
4
-7
-63
51
-16
14
2
-9
7
0
-8
22
-20
-50
72
0
-10
4
-61
28
44
-14
14
-16
20
-4
4
16
-12
-3
20
-14
-22
24
19
-48
36
4
-6
14
-9
15
-2
-5
-4
-53
54
13
0
7
-14
10
7
-69
22
45
0
7
-14
20
-3
-8
22
-20
-50
60
7
-64
25
36
4
-6
-4
-27
34
-1
-8
6
-6
2
5
-41
10
-3
0
-12
50
1
-16
25
3
7
-6
7
-14
0
11
-36
40
-8
1
6
0
-25
67
-42
16
17
13
-38
11
-2
-12
50
-18
6
-23
-24
45
-49
8
33
11
24
-73
58
-31
11
-13
-11
18
37
-19
-40
52
-11
3
-37
46
-25
-13
53
-35
-1
49
-68
31
9
3
-32
33
-1
-38
73
-43
31
11
0
-36
45
-39
-38
32
14
29
-7
-7
12
3
-62
52
10
-51
1
20
13
-14
-20
25
35
-1
-64
58
11
-23
-29
34
18
-53
-1
53
-33
53
-12
-8
-14
-1
38
-44
-22
55
-50
28
-11
-11
-7
43
-38
61
-2
-27
26
-18
-35
38
19
-18
-4
-7
33
-18
28
-35
-25
16
36
-11
-4
33
7
-21
-49
54
10
-11
-32
-14
25
11
-4
24
-2
-33
42
-50
34
-2
0
34
-43
26
-27
2
-15
21
-9
38
-14
14
-34
50
2
-42
11
33
5
-43
30
-56
29
12
33
-6
-21
-2
33
-18
-2
-29
53
-2
-29
-12
16
-21
46
-33
45
-13
-26
-1
32
11
-64
46
11
12
2
-20
6
11
-49
21
-19
51
-38
-8
4
-13
10
3
-1
52
-17
-24
-21
49
-45
45
25
-8
-11
-9
17
-19
22
-7
-30
41
13
-19
-48
70
-20
-31
42
-58
51
-10
-38
72
-30
-20
36
-36
16
-7
33
-18
18
-23
9
26
-10
0
7
11
2
-38
11
-2
-36
53
-31
2
53
-19
19
-14
-2
-33
42
-50
34
-2
0
34
-43
14
-4
21
-41
-8
20
-3
-50
24
38
2
5
-32
34
-1
-8
6
-6
-21
49
-51
14
-9
15
-2
-5
-4
-53
66
5
-68
21
52
-11
4
-7
50
-68
58
-36
-21
24
-18
-4
-8
12
-14
-6
10
-6
14
-11
-12
-3
4
6
-2
-1
9
-1
6
-6
-8
22
-20
-50
60
7
-64
25
36
4
-6
-27
38
3
6
0
-32
34
-1
-12
-3
13
-8
22
-20
-50
60
7
-64
25
36
4
-6
-21
39
0
-3
6
0
-32
34
-1
-12
-3
13
-5
21
-5
-1
16
-46
52
-3
-14
14
-3
-12
12
-24
34
-4
4
-16
7
-1
-17
34
-18
20
-14
-6
19
-36
24
20
-3
4
-10
-56
61
10
-3
0
-63
29
10
-3
0
2
20
9
-4
-1
18
20
-14
11
2
0
