-9
21
-21
-51
59
6
-65
27
37
2
5
-1
-33
33
-2
-13
-4
12
-14
15
-31
30
-14
-34
30
2
5
-3
14
-2
15
-36
31
3
2
25
-45
-16
3
-13
13
7
45
-2
-3
-27
-6
-11
35
-29
27
-50
-13
55
-47
30
-30
39
32
-49
35
-28
23
0
-27
-9
-18
54
-42
-9
21
-21
-51
64
-9
15
-70
37
28
-12
8
-6
15
-2
15
-47
41
-11
12
-11
1
-1
-19
36
-16
13
7
-2
15
-49
44
6
-7
6
-2
7
-9
21
-21
-51
71
-1
-11
3
-62
30
35
-12
-2
11
-7
38
-27
36
-39
30
2
-5
-9
-29
17
-33
34
22
-18
-17
8
2
-34
54
-13
-18
-2
50
-23
-13
-7
-30
-13
7
-7
-4
18
-14
24
-47
48
-45
-6
-19
-1
38
-1
1
-40
49
-27
-18
-6
33
26
-33
37
-20
20
-29
32
-13
10
-36
47
-44
-9
40
7
-2
15
-47
41
-11
12
-11
1
-1
-20
17
19
-12
-9
21
-21
-51
64
-9
15
-70
27
37
-9
15
-51
35
0
14
-13
14
0
-2
15
-47
41
-11
12
-11
1
-1
-30
44
-17
6
6
-8
9
6
-15
50
4
-14
19
-28
-20
-9
21
-21
-51
64
-9
15
-70
27
37
-9
15
-33
28
-12
8
-6
15
-51
35
0
14
-13
14
0
13
-10
14
-3
-6
-5
-54
59
5
6
-15
9
6
-70
51
2
17
-11
6
-1
-64
40
-13
-4
18
13
-10
14
-3
-6
-5
-54
53
12
-1
6
-15
9
6
-70
21
44
-1
6
-15
19
-4
-14
15
-34
19
12
4
-16
14
1
-36
34
-3
1
-11
13
2
5
-14
15
-48
43
-32
38
-1
-4
5
-1
1
41
4
-39
32
-44
56
-22
-15
23
15
-24
-17
-20
0
9
-14
-19
44
-15
32
-69
55
17
-58
0
-29
19
-19
25
-8
-11
-14
32
28
-42
0
-14
-32
45
-12
0
-16
-23
42
-1
23
11
-54
13
-29
48
-20
-29
18
43
-15
13
-29
-20
37
-29
20
-25
8
-20
0
-2
15
-34
19
14
-3
-1
-1
5
-14
-34
44
-11
1
13
-10
14
-3
-6
-5
-54
65
4
-69
20
51
-12
3
-8
13
-10
14
-3
-6
-5
-54
53
12
-1
6
-15
9
6
-70
27
37
6
-15
9
6
-7
9
-7
13
-12
-5
-9
11
-15
-15
17
1
-14
-9
21
-21
-51
59
6
-65
20
55
-5
-15
-36
49
0
-17
24
-42
38
-1
-4
5
-1
-33
33
-2
-13
-4
12
33
-51
39
-33
29
6
-25
4
-40
49
22
-21
19
-58
0
-9
21
-21
-51
59
6
-65
24
35
3
-7
-22
38
-1
-4
5
-1
-33
33
-2
-13
-4
12
3
0
-30
38
-11
6
12
-14
15
-34
19
12
4
-16
14
1
-39
24
15
-12
7
-11
-14
15
-49
44
-1
0
-9
-2
17
-32
21
4
-8
10
6
-1
-9
21
-21
-51
59
6
-65
22
29
19
-19
-24
37
2
5
-1
-33
33
-2
-13
-4
12
10
-48
44
-1
0
-9
-2
17
-15
-1
19
-15
10
1
-1
1
-19
17
2
-51
34
17
-11
13
-13
11
5
45
-20
19
-33
29
-2
-22
8
17
-21
36
-21
19
-58
0
-13
-31
62
-39
-26
23
-12
-2
15
-50
55
-43
19
12
-8
9
3
4
-14
-14
15
-48
43
-38
37
2
5
-1
16
-15
-39
25
-8
-19
6
21
43
-58
0
1
-11
9
-43
44
-1
0
-9
-2
17
-11
6
-1
-1
29
6
-16
-40
2
53
-25
4
-14
39
-23
0
3
1
-20
18
23
-68
35
5
-2
27
-29
-8
40
-64
-5
-2
15
-37
38
-1
-4
5
-1
-33
33
-2
-13
-4
12
1
-35
67
-39
32
-36
-22
49
-29
44
7
-24
-17
-20
0
13
-10
14
-3
-6
-5
-54
65
4
-69
20
51
-12
3
-8
-64
50
-17
13
1
-10
6
-1
2
-11
1
7
32
3
-9
-4
10
-28
-20
-9
21
-21
-51
59
6
-65
24
35
3
-7
13
-10
14
-3
-6
-5
-54
64
-9
15
-70
39
29
-9
-9
21
-21
-51
64
-9
15
-70
26
44
0
-4
-27
-3
-6
-9
44
-1
0
-9
-2
17
-11
6
-1
3
-13
27
-8
46
-22
21
-45
6
-17
-15
28
28
-54
55
-9
-47
30
-20
1
41
4
-41
-4
-6
-18
52
-11
-40
25
28
9
-28
22
12
-1
0
-9
-2
17
1
41
4
-41
-4
-6
-18
52
-11
-40
33
9
19
3
-6
-7
-31
-20
13
-9
21
-21
-51
71
-1
-11
3
-62
36
15
13
-10
11
-2
-5
-45
55
-5
-15
-36
49
0
-17
24
-2
15
-40
21
13
-7
14
-20
6
-2
-2
15
-48
33
1
-5
20
-9
8
-13
-4
3
-9
21
-21
-51
59
6
-65
22
29
19
-19
-18
38
-1
-4
5
-1
-33
33
-2
-13
-4
12
4
-21
-12
26
29
7
-2
-24
-39
2
56
-8
5
-17
20
-8
6
-54
60
-23
-23
18
27
-14
-10
-10
5
-3
30
-21
-5
14
8
-6
-49
38
-39
2
-5
26
10
-30
-2
27
-11
-1
55
-21
-33
44
-5
-33
36
-5
-56
25
-22
35
35
-40
-9
18
16
-26
-12
18
-33
47
10
-29
34
-15
4
-26
41
-46
-23
58
4
-27
-17
-15
53
-25
-10
-22
6
21
-25
23
-26
26
47
-69
45
-26
48
-53
10
7
27
-58
53
-7
-48
27
-22
23
-6
17
-4
4
20
-20
-32
23
3
25
14
-37
-35
58
-59
26
-4
33
3
-10
8
-40
-17
53
-17
15
11
-27
39
-70
68
-40
7
25
-6
-7
9
-38
35
-7
-30
1
37
-26
-29
68
-14
-5
3
-42
0
-9
21
-21
-51
64
-9
15
-70
37
28
-12
8
-6
15
-51
35
0
14
-13
14
0
-2
15
-44
39
4
1
-18
64
-31
-14
-2
-4
0
-2
15
-43
37
2
5
-1
-33
33
-2
-13
-4
12
6
9
-2
-11
-9
21
-21
-51
64
-9
15
-70
39
-3
-6
5
10
-16
12
-1
0
-9
-2
17
-9
21
-21
-51
59
6
-65
33
38
-1
-4
5
-1
-33
33
-2
-13
-4
12
-15
-13
51
-45
-5
32
15
-42
43
-58
0
-26
6
-2
35
-18
2
42
-9
19
-4
-43
37
6
