16
3
10
-15
6
21
-17
14
-1
1
23
-15
-44
17
-6
18
1
-2
-1
-50
70
6
1
11
-9
-1
5
17
-64
25
48
3
10
-15
6
21
3
-44
48
3
10
2
-13
6
21
-76
35
48
3
10
-15
6
21
3
9
14
1
0
-7
28
-22
19
-9
16
-4
17
-6
18
1
-2
-1
-50
57
16
3
10
-11
13
10
-66
25
48
3
10
-11
23
0
35
-54
63
-3
-15
-16
4
8
-12
17
11
14
-1
16
3
10
-11
13
10
15
-6
1
-5
17
-6
18
1
-2
-1
-50
57
16
3
10
-11
13
10
-66
25
48
3
10
-11
13
10
-30
23
18
0
1
14
-13
17
-5
25
-17
-47
75
3
-7
7
-58
23
53
4
-13
28
-41
33
14
5
17
-6
18
1
-2
-1
-50
70
6
1
11
-9
-1
5
17
-64
25
48
3
10
-15
6
21
3
-44
48
3
10
2
-13
6
21
-76
35
48
2
4
6
3
-38
33
23
-15
-18
34
9
-6
19
-75
48
28
11
3
-5
2
19
-45
48
3
10
-11
13
10
-30
23
18
0
1
14
-13
17
-6
0
4
-3
22
-16
21
-4
11
3
-5
-2
19
11
-4
-7
7
17
17
-6
18
1
-2
-1
-50
68
-5
19
-66
43
33
-5
-16
18
-30
25
4
35
18
-29
43
4
-4
-17
-19
48
-58
31
47
-54
4
7
4
-5
25
-17
-47
75
3
-7
7
-58
72
-9
6
2
23
-70
38
21
23
4
-11
17
0
8
-2
9
-11
-35
24
54
-14
9
-50
67
-35
0
5
10
27
21
-54
4
