-2
15
-48
33
17
-13
-6
2
-34
41
-11
18
0
5
-10
1
19
-41
23
3
0
-2
15
-51
34
17
-11
6
-1
13
-10
14
-3
-6
-5
-54
52
10
9
-16
15
-5
0
5
-12
-58
54
1
17
-13
-6
2
-55
51
2
17
-11
6
-1
-64
24
9
6
-7
-10
13
-10
14
-3
-6
-5
-54
52
10
9
-16
15
-5
0
5
-12
-58
20
42
9
-16
15
-5
0
5
-12
-36
33
17
-13
-6
2
13
-10
14
-3
-6
-5
-54
52
10
9
-16
15
-5
0
5
-12
-58
20
42
9
-16
15
-5
0
5
-12
-37
41
-11
18
0
13
-10
14
-3
-6
-5
-54
53
12
-1
6
-15
9
6
-70
27
37
6
-15
9
6
-2
15
-36
17
17
-15
2
7
-11
1
10
-7
-32
51
-4
-2
-17
-2
15
-50
42
9
-16
15
-5
0
5
-12
-37
41
-11
18
0
-2
15
-51
35
0
14
-13
14
0
-9
21
-21
-51
71
-1
-11
3
-62
19
49
0
-17
24
-45
29
10
1
13
-10
14
-3
-6
-5
-54
52
10
9
-16
15
-5
0
5
-12
-58
54
1
17
-13
-6
2
-55
55
19
-4
-2
-17
-51
22
1
17
-13
-6
2
