9
-3
18
-15
14
-24
-12
-3
11
3
15
41
-62
71
-13
2
30
-43
-9
27
21
-54
-19
34
-36
-20
40
-6
-32
-27
26
30
-36
48
-53
45
-44
-5
-21
30
1
-11
-25
71
-41
28
-25
30
-20
11
9
-13
-25
-18
-18
19
30
-30
27
-43
43
-15
-10
-25
22
5
-3
-28
12
-11
13
-4
-7
-6
-55
52
11
-2
5
-16
8
5
-71
20
43
-2
5
-16
18
-5
21
-10
6
3
-17
12
6
0
6
-8
14
-16
-16
16
0
-15
12
-11
13
-4
-7
-6
-55
52
11
-2
5
-16
8
5
-71
20
43
-2
5
-16
8
5
-35
18
13
-5
-4
9
-18
12
-3
14
-50
43
-2
5
-16
8
5
-35
18
13
-5
-4
9
-18
12
18
-40
46
-43
11
-11
-26
21
-7
21
-34
18
-26
5
57
-17
19
-59
-1
-8
3
-14
1
1
9
0
-16
12
-48
43
-2
5
-16
8
5
-38
18
16
-15
12
3
-18
12
41
-62
71
-41
25
8
-11
-36
11
20
-14
-18
-2
5
37
-42
30
-4
-54
26
-8
33
7
-33
-31
19
45
13
31
-10
-21
18
-24
22
-43
54
-67
-4
12
-11
13
-4
-7
-6
-55
63
-10
14
-71
38
28
-10
