9
3
4
-14
10
33
6
-50
-22
69
-14
-5
-29
10
-25
19
-10
-4
0
-8
14
-20
-47
18
-22
30
-12
-4
0
3
-11
-57
60
9
-4
-1
-64
28
9
-4
-1
-13
49
0
-17
24
21
-21
8
3
-11
1
10
-7
13
-10
14
-3
-6
-5
-54
53
12
-1
6
-15
9
6
-70
21
44
-1
6
-15
19
-4
-5
-28
33
-2
-9
5
-7
-14
-18
59
-29
4
-9
-26
49
-13
-32
-5
50
-9
-23
-4
-13
28
-8
-25
27
10
-1
-25
-2
-32
1
23
-12
31
-38
5
-1
1
-11
9
-40
35
3
-7
-28
37
2
5
-1
-5
-9
11
-15
10
33
6
-51
17
-3
-37
41
21
-40
51
-32
-5
19
-48
43
-47
68
-58
-13
-4
3
-3
-13
9
14
23
-2
-37
50
-44
-29
50
23
-40
32
-15
20
-58
0
-9
21
-21
-51
59
6
-65
24
35
3
-7
-28
37
2
5
-1
-33
33
-2
-13
-4
12
-9
21
-21
-51
59
6
-65
24
35
3
-7
-22
38
-1
-4
5
-1
-33
33
-2
-13
-4
12
24
-55
47
-36
-12
-4
0
10
36
-58
1
-11
9
-40
35
3
-7
-22
38
-1
-4
5
-1
