11
-4
-7
7
17
23
14
-56
17
4
2
-5
27
32
3
8
-17
19
-32
-17
57
-32
0
4
17
-6
18
1
-2
-1
-50
57
16
3
10
-11
13
10
-66
25
48
3
10
-11
23
0
8
-12
17
11
14
-1
16
3
10
-11
13
10
15
-6
1
-5
17
-6
18
1
-2
-1
-50
57
16
3
10
-11
13
10
-66
25
48
3
10
-11
13
10
-30
23
18
0
1
14
-13
17
-5
25
-17
-47
75
3
-7
7
-58
23
53
4
-13
28
-41
33
14
5
2
19
-45
48
3
10
-11
13
10
-30
23
18
0
1
14
-13
17
5
-30
0
57
9
6
-49
25
11
20
-16
27
-17
-16
4
17
-6
18
1
-2
-1
-50
68
-5
19
-66
43
33
-5
17
-6
18
1
-2
-1
-50
70
6
1
11
-9
-1
5
17
-64
25
48
3
10
-15
6
21
3
-75
48
28
11
3
-5
18
7
4
-5
25
-17
-47
75
3
-7
7
-58
72
-9
6
2
23
-70
38
21
23
4
-11
17
0
8
-2
9
-11
-9
16
-4
