-35
1
32
-30
-17
64
-48
46
2
-69
45
19
-37
8
-26
28
9
-36
-1
23
-45
19
15
-10
23
13
-12
-38
12
-8
-21
50
-4
43
-25
-7
31
-30
38
-51
16
36
4
-67
21
26
-4
11
-2
33
5
-25
13
-25
-5
-1
8
2
-9
10
-26
63
-31
36
17
3
-1
-6
0
-34
55
-36
-12
11
20
-56
40
16
-54
15
6
-1
-1
-10
4
20
-30
34
-31
-9
4
8
42
-11
-43
22
-11
27
17
-49
-23
36
-20
-12
52
-35
32
-23
-12
33
4
-30
-12
48
-69
72
-70
58
-57
27
35
-14
-18
2
-20
9
21
-11
-3
6
25
-20
0
28
-41
-21
3
1
29
3
28
-64
36
-3
-32
26
47
-9
-57
30
-2
-26
8
53
-30
-16
28
8
-59
51
-50
6
13
36
5
-6
-51
20
42
-13
-18
15
-23
-20
61
37
-9
-20
7
6
-40
18
17
31
-36
23
15
-18
-29
-19
-3
-30
-22
18
2
-23
44
-22
16
-36
-10
47
17
-70
18
-21
49
19
-37
-14
46
14
-2
-31
25
37
-15
1
8
-51
66
-36
32
-42
-7
-14
16
37
-11
-57
67
-39
45
-24
-45
-1
47
-20
-5
27
-48
54
4
-30
32
-1
-60
63
-32
29
-43
50
-18
-26
-20
25
32
-36
22
-13
-39
4
69
-73
26
2
3
-27
17
8
-31
45
-60
1
60
1
-33
22
9
-38
-21
22
30
7
-62
5
-40
23
-17
23
-56
62
-14
21
-53
36
-29
-9
21
-10
-6
0
67
-43
46
-65
43
21
-48
39
-59
19
48
-46
-25
34
-8
45
-11
-4
-50
28
-15
30
3
-38
26
0
-51
10
-1
10
-24
30
22
-38
53
1
-52
-28
23
0
44
-44
-13
7
0
38
-58
1
69
-66
53
-31
-2
32
30
-16
27
-47
38
29
-9
-5
17
-44
-4
26
-44
-5
16
-9
-8
5
26
-14
4
9
20
-35
-6
-27
59
8
-19
-32
32
-26
-18
46
-20
22
-38
-10
28
38
11
-43
37
-1
-53
17
29
-21
34
-44
-18
-1
-2
59
-27
-32
66
-12
-24
-45
44
-69
39
-11
36
-28
18
-49
-4
37
0
30
-17
-32
20
-10
-27
56
2
4
33
26
3
-27
-21
28
-23
-19
23
23
-13
16
-37
14
-31
55
1
-56
72
-69
48
-22
36
62
-18
-30
-13
28
33
-36
31
-26
12
-8
-9
38
-17
-20
-8
9
17
14
2
-2
8
-5
-40
22
7
-4
-54
39
29
1
-20
-12
32
-39
40
-46
-19
19
32
16
-41
36
-46
48
-36
6
2
-42
34
1
-5
-3
-21
63
-16
22
10
3
-52
64
5
-14
4
1
1
3
-18
-31
15
3
-6
35
-43
34
-16
-34
20
16
-7
-4
60
9
-63
28
-3
25
-56
4
29
-2
4
-18
-2
55
-41
-11
-1
-19
0
2
1
57
5
22
-57
36
5
7
-21
24
12
-2
4
6
-55
14
-3
-23
19
3
-22
50
56
-28
-2
-11
40
-32
-5
44
-28
16
15
-46
41
-12
19
-7
-55
-6
15
6
-3
22
-11
22
-18
22
11
-60
-8
-34
-4
7
36
-12
-33
16
34
-74
61
-28
38
-43
28
-53
21
-17
32
-19
-14
47
5
-25
41
0
-1
18
32
-5
-13
31
3
-55
21
2
-10
42
-69
18
3
-6
-17
23
-20
48
5
-34
1
27
-53
23
-3
8
-8
58
-14
11
-22
23
-36
-6
10
23
-38
49
3
-18
-8
-18
-2
24
40
-49
8
-19
-9
72
-22
-32
9
12
26
-13
14
-10
-4
-30
46
-7
-61
32
21
-17
-32
7
62
-32
15
-43
25
-25
16
12
22
-36
-19
58
-53
54
-2
-26
-1
2
16
-24
-31
-13
10
51
-3
-38
14
-19
12
21
0
-37
36
-14
-7
-9
39
15
-70
53
-38
6
50
-46
30
-51
1
22
2
-14
0
22
18
1
-30
26
6
-11
20
-12
-40
57
-37
-13
1
-32
-13
36
-59
59
-13
16
-48
46
-49
54
-30
26
-28
26
-15
5
-51
0
32
2
20
-7
-22
29
-18
24
1
-6
-29
-1
37
-9
-46
12
55
-46
-4
43
-32
37
-2
-61
0
21
40
5
-67
18
-45
9
22
13
-63
64
-11
-34
6
24
-48
14
-16
59
0
5
4
-30
-7
34
5
-44
-11
33
9
10
-16
2
-16
-34
64
-19
-26
44
-1
-49
53
-44
-8
15
-4
-1
-25
44
-9
11
-16
25
24
20
16
-36
2
38
-49
15
34
-38
7
23
-38
30
13
-12
21
-16
38
3
-8
14
-66
63
-15
-25
0
2
7
-1
24
-8
-46
-6
-2
6
26
-36
6
-18
-13
-4
31
10
23
-62
20
9
-13
51
-34
33
4
-15
-39
32
12
-9
-35
45
11
-3
38
2
-15
-50
35
-37
64
-43
47
-21
0
7
-51
47
-15
32
-1
1
4
51
13
-16
-50
43
-23
2
21
-24
40
-48
47
-13
-50
58
4
-23
-38
55
-37
22
-15
10
23
-21
-22
4
43
8
-15
-5
18
-47
8
-7
36
10
3
-39
2
-12
-6
15
29
-23
28
-14
-16
4
-9
1
7
-21
3
15
-21
-3
1
28
-7
12
-2
-36
-22
63
-34
16
-12
16
11
-22
-18
-20
14
5
19
-20
20
3
-33
33
-23
-19
-13
-6
65
-44
-3
18
13
-11
0
6
17
-52
-3
-13
16
3
13
-3
6
32
-5
-7
-24
-4
-10
-6
51
-15
-1
-51
50
18
-10
-59
18
51
-31
-6
23
16
-5
-60
38
-16
-3
-14
28
-26
15
4
28
11
-45
14
43
-14
14
-73
29
36
-2
-26
-37
73
-34
13
11
-46
42
-22
30
-59
-23
36
15
0
-48
1
-22
28
40
-29
30
-12
-24
33
-59
34
-37
32
0
-13
32
-16
-16
-5
15
56
-72
66
3
-19
-22
44
-6
3
-61
53
-4
-26
-28
18
27
22
-44
35
12
-53
-47
13
-1
-9
44
-57
33
21
11
-32
-33
56
3
-6
-57
-1
44
-13
15
-27
-20
13
54
-9
-42
29
-17
-25
54
5
-60
57
-9
-1
-36
43
-51
-10
9
14
17
2
-62
50
-53
-5
18
12
23
-25
-5
-5
55
-67
25
6
-8
-11
-16
50
22
-38
11
-29
52
-55
55
-55
6
47
-12
0
21
-1
-34
-7
3
3
-6
44
-22
22
-12
-7
-12
-18
41
4
-52
-10
63
-62
-3
58
-33
27
-30
-24
70
-45
-9
-36
7
9
-1
-10
4
41
-21
-3
12
-3
-31
33
-31
-2
-3
41
-49
10
-26
10
45
-40
38
-3
-20
29
-42
42
-10
-15
0
-16
-4
-18
33
-29
30
52
-30
15
-16
38
-41
39
-34
30
-5
-52
53
-49
1
62
-8
-1
-55
52
-22
8
-45
-5
22
-15
30
-20
-18
60
-8
-2
4
-35
-20
31
-17
54
-4
2
-27
33
-41
42
3
-48
39
-27
3
1
17
3
20
-4
-17
-22
9
-33
63
52
18
-72
37
-6
-10
48
-8
8
0
-32
26
-55
48
-15
-24
-15
15
-15
26
43
-69
17
32
14
26
-10
-30
39
0
-21
-2
2
19
-27
20
13
-33
19
-21
38
-1
-43
6
3
-5
15
35
-15
-17
48
-1
-11
-9
12
-35
43
20
-68
27
22
0
25
-41
24
-7
-10
50
-37
-28
61
-13
-29
-11
25
-25
12
12
19
-35
43
-13
-50
46
6
-40
47
-3
-6
-13
-38
43
4
-49
31
4
17
-71
-1
59
-4
-3
-24
39
-3
-11
18
-32
-32
56
2
-43
8
-8
9
-16
52
-57
52
-50
3
62
-71
37
-10
9
38
-7
-41
-5
35
3
3
24
10
21
-3
-28
-9
12
-28
-2
54
-34
-19
56
10
-19
-34
0
7
12
-12
36
-54
-5
17
37
-6
-43
13
-4
-35
23
-17
28
-22
34
-51
-5
19
5
8
15
-26
-32
44
-10
-14
-21
15
54
-57
41
-29
7
29
-35
38
-37
-19
14
34
15
-12
-35
54
-6
-31
32
-58
24
-26
17
32
-27
31
-24
-3
-19
59
-26
14
-23
-3
-5
-27
11
-47
68
-30
-3
-31
67
-38
-29
11
31
-17
20
-26
26
21
-68
56
-21
25
-16
-31
-50
20
27
-29
-29
-6
29
-2
0
-1
13
-1
-31
60
-29
-5
-26
66
-8
-16
-45
19
-4
36
-19
5
25
36
-6
-11
0
3
48
-16
-1
-24
8
31
-21
-42
1
20
-7
-1
15
73
-38
-11
-5
15
-6
0
25
-2
-29
19
-3
-10
-24
49
-49
68
-69
54
-25
-24
61
2
-62
54
-36
14
-5
52
-1
-33
19
35
-45
20
-19
41
-17
-51
30
-32
1
2
55
-55
37
-15
34
-21
32
1
24
-25
38
-53
1
32
17
22
-54
21
29
-40
31
-53
44
-50
13
-19
36
-37
67
-2
6
-51
14
25
-1
-53
53
-29
-30
65
-60
61
-63
32
-50
29
14
-13
26
-53
60
-61
9
42
12
-44
25
-31
18
27
-38
34
-9
-29
35
11
-9
-52
29
-13
-2
9
-10
-5
-5
6
-26
42
9
-17
-3
17
-47
59
-48
53
-12
-4
-19
34
0
-17
14
-45
-17
63
-29
-25
22
11
-16
-4
14
-33
65
-66
17
11
-9
15
22
-54
26
32
-60
36
-13
-3
-11
45
4
0
-51
-7
26
15
-17
52
-62
59
-16
23
-33
-13
8
-2
35
-66
3
24
25
-51
34
34
-30
23
-27
-30
35
-24
50
-41
-5
51
