-7
23
-19
-49
61
8
-63
29
39
4
7
1
-31
35
0
-11
-2
14
27
-71
74
-44
-2
-20
62
-10
24
-56
2
-13
4
10
-8
8
0
-21
21
14
-6
39
-1
4
-29
12
-13
39
-29
-10
17
29
-7
8
-38
-13
51
-17
-18
2
-7
23
-19
-49
61
8
-63
39
20
14
6
-14
11
-9
4
-26
39
4
7
1
-31
35
0
-11
-2
14
-14
-25
53
-16
-16
51
-7
-12
-23
7
44
-42
-5
41
2
-28
12
-36
67
-14
9
-29
38
-6
6
-35
41
-38
22
37
-27
-24
29
-22
27
45
-71
76
-47
1
34
-35
15
-28
5
53
-17
0
8
-36
49
9
-18
-22
-8
-1
-2
-37
21
-6
-14
31
-11
18
7
-2
-13
9
-22
29
-14
0
0
2
-15
3
18
38
-42
45
-19
23
-41
-25
58
-54
50
9
-48
50
-3
-16
-18
2
7
18
-8
7
-9
32
-19
22
-10
-12
-10
39
-6
-7
-17
34
-19
-13
21
1
-6
8
-28
4
65
0
17
-44
37
5
-5
16
-45
39
11
-1
15
16
-35
34
-3
17
-28
35
-34
27
-19
-37
40
-26
10
23
20
47
-39
-18
-13
21
-40
-25
29
-14
51
-72
15
-3
29
-48
0
17
-31
23
-5
19
-11
1
-18
36
-11
3
1
15
-11
11
-9
4
16
13
-51
-7
37
-32
6
0
26
11
-12
47
-36
-3
16
23
-32
39
12
-2
-39
37
-18
15
-1
-15
19
-31
18
-12
14
37
-24
-4
-30
71
-18
-28
30
20
-25
-21
1
48
-13
-44
33
27
-16
-19
38
15
-42
16
-15
-16
24
-4
-10
7
-7
23
-19
-49
73
1
-9
5
-60
32
31
12
3
19
-39
-2
-7
23
-19
-49
73
1
-9
5
-60
40
23
6
-6
15
-28
15
20
-6
15
-19
-40
53
-15
-18
2
12
-12
10
3
4
3
0
0
-8
11
43
-31
0
4
32
-18
-47
56
17
-17
-33
-2
2
50
-29
-10
9
37
-49
18
-15
44
-39
19
4
-3
-7
35
-31
15
-29
65
-28
-3
18
21
-47
35
-15
-11
28
10
-53
51
-28
35
-29
-3
9
11
18
20
-5
-5
2
13
-5
55
4
-39
30
-38
40
-29
32
-14
30
-41
-8
-2
2
49
-20
8
-13
-37
21
40
-27
11
-13
37
-29
47
-72
7
38
-19
12
34
-3
34
21
-11
30
2
-36
9
-18
2
-21
25
-2
-1
1
-15
5
5
19
-17
-16
51
-47
41
20
-32
15
5
-31
19
15
27
9
-18
-26
30
18
-14
10
-28
15
-19
-16
66
-62
48
-24
16
20
-11
33
-20
11
-27
44
-46
38
-17
-37
41
-32
15
-1
44
-41
10
38
-26
29
-8
26
-54
40
-24
-25
17
48
-10
7
16
-56
15
-8
16
-1
-4
-3
-52
55
14
1
8
-13
11
8
-68
23
46
1
8
-13
21
-2
-12
-26
7
15
-8
16
-1
-4
-3
-52
55
14
1
8
-13
11
8
-68
39
23
-5
19
-11
1
-18
36
-11
3
1
15
-11
11
-9
4
16
-10
-16
46
-36
8
-18
2
-16
-17
56
-26
29
-56
15
-10
-12
8
8
-15
15
-13
20
22
-17
-12
-2
55
-37
25
-30
51
-63
59
-22
-38
26
-24
36
-15
18
5
-5
28
-40
2
35
-34
16
-2
25
-19
2
-2
3
5
24
-32
16
-20
42
-31
51
-31
22
-34
51
-63
-7
27
38
-17
-37
26
12
-5
1
7
8
13
-48
50
27
-21
9
-15
-20
51
8
-22
25
-54
41
-25
30
-38
40
-19
-11
48
-30
-7
-1
4
35
-24
-28
68
-4
-19
23
-27
-26
46
15
-43
54
0
17
-31
35
0
-7
7
-5
-15
23
-50
24
49
-3
8
16
-8
11
-15
1
41
-17
-6
26
-4
25
-22
-9
5
20
-33
0
-16
5
45
22
-56
2
8
-17
5
-4
4
7
2
-18
-1
9
31
-4
-11
4
23
-31
12
-26
56
-34
47
-56
2
15
18
-40
40
-25
14
-6
6
-27
14
7
13
-12
43
-31
11
-37
65
-36
35
-56
11
42
26
-12
14
-15
5
-3
8
-4
-27
17
-27
35
0
-29
67
-31
-15
8
39
-34
-6
16
-34
54
11
-26
27
-3
21
-41
27
-27
15
-15
52
-35
-32
43
-10
-7
5
-4
49
0
17
-34
19
4
10
-8
8
0
-26
39
-6
11
45
-50
52
-18
-33
-2
2
7
1
-38
37
1
-5
-3
-30
11
33
-13
24
-11
-16
-18
2
15
-8
16
-1
-4
-3
-52
55
14
1
8
-13
11
8
-68
29
39
8
-13
11
8
16
14
-42
25
-26
55
9
-11
-8
23
-52
48
5
-40
2
-3
-7
13
-13
3
9
-5
17
-13
-11
27
11
-51
-16
59
15
-40
-26
25
-28
39
44
-43
-14
-7
23
-19
-49
61
8
-63
22
57
-3
-13
-34
51
2
-15
26
-40
40
1
-2
7
1
-31
35
0
-11
-2
14
-7
23
-19
-49
73
1
-9
5
-60
21
51
2
-15
26
-43
31
12
3
-2
5
2
-1
12
-12
0
14
1
-8
17
8
-9
8
14
0
42
-2
-6
22
-56
2
-18
60
7
-11
-11
35
-11
-31
15
26
-6
-3
10
-51
68
-43
16
-16
53
-20
-30
4
-13
48
-26
8
41
-26
-6
-18
2
-17
-4
-10
38
18
-18
-33
15
-55
69
-39
-6
-16
55
-26
12
17
-47
46
26
-17
10
-33
-7
46
-2
-32
50
-45
-25
45
34
-46
-20
29
6
27
-56
53
23
-21
-46
41
-1
-3
32
-32
33
-54
67
-8
4
53
-15
8
-26
-12
37
-56
40
-2
-23
9
-11
11
10
-11
13
-1
42
-22
-44
40
32
-15
-49
36
36
-37
28
16
-61
34
23
-60
58
-13
34
-37
26
-4
-27
21
-31
18
-3
54
-69
27
-1
-13
54
-29
30
8
-5
-13
-15
8
31
-31
-5
35
13
-33
36
-43
59
-41
7
-26
2
22
13
0
34
-16
-10
-15
40
-16
-38
41
24
-35
34
-34
41
-9
13
-17
-32
19
-3
19
-35
32
11
-16
48
-40
16
-16
54
-29
-38
55
16
-16
-29
11
47
-30
-4
-4
44
-44
15
-12
-20
29
-26
30
-26
33
-9
22
-14
0
-3
0
-7
5
2
-28
40
-9
8
14
47
-21
-36
18
-27
-14
-21
25
-6
2
-15
7
52
-38
-11
8
35
-14
0
4
19
-6
-13
34
-57
18
48
-56
2
35
-55
-2
-12
29
-48
41
13
-46
21
35
-56
2
-7
23
-19
-49
73
1
-9
5
-60
55
14
1
-9
20
-1
2
-11
11
8
-68
40
23
6
-6
-14
27
-3
13
16
14
-42
25
-26
55
9
-11
-24
-20
7
48
10
-50
34
-3
27
-25
-18
-11
27
11
-51
21
22
0
-23
31
4
9
-43
-3
-9
59
-33
-5
-1
-6
-5
30
-36
15
-8
16
-1
-4
-3
-52
55
14
1
8
-13
11
8
-68
68
-1
-61
21
49
2
-2
-1
-4
0
21
-9
8
1
-35
39
-6
11
0
17
-49
35
19
-2
-1
11
1
-13
-19
19
21
-10
21
-13
12
3
1
15
-8
16
-1
-4
-3
-52
55
14
1
8
-13
11
8
-68
68
-1
-61
36
19
4
10
-8
8
0
-22
22
15
-11
8
0
15
3
-17
19
4
-49
36
19
-9
15
-11
13
7
37
-40
2
23
-30
7
-10
17
19
12
-21
-38
22
36
-12
-21
8
-19
23
1
11
-18
-12
17
-47
46
0
5
1
1
-7
11
8
-45
43
-11
3
12
-5
1
-15
20
17
2
-9
7
-5
16
28
-44
15
-8
16
-1
-4
-3
-52
55
14
1
8
-13
11
8
-68
23
46
0
5
1
1
-7
11
8
-36
21
14
-6
26
0
-10
-27
4
-18
2
-6
9
1
-7
10
-24
-3
7
6
-10
-5
9
-22
29
-22
47
-25
12
28
-7
-29
4
39
-8
11
-14
15
-18
2
50
-29
-2
-1
1
-15
5
5
19
-17
-16
49
-9
5
19
-6
-13
34
-57
18
48
-56
2
29
-25
12
-4
6
-3
31
-18
-37
16
44
-8
-7
-20
43
-6
-13
37
-10
-31
37
-34
32
-1
-12
16
-20
-7
14
3
-6
28
24
-20
20
-18
13
-38
43
-29
-5
-4
56
34
12
2
-25
32
-56
2
9
-52
11
-5
-4
-2
0
15
-9
4
9
15
-8
16
-1
-4
-3
-52
55
14
1
8
-13
11
8
-68
68
-1
-61
36
19
4
10
-8
8
0
-26
39
-6
11
11
5
6
-12
34
-14
-32
46
-33
-2
2
7
1
-41
39
8
-12
0
14
1
-8
17
-7
23
-19
-49
73
1
-9
5
-60
40
23
6
-6
15
14
0
2
-2
13
-25
20
23
-33
8
-18
2
-17
12
25
-12
15
-40
2
35
-21
-36
0
17
-31
24
6
-24
35
-17
21
-13
0
17
-31
40
-4
3
-13
10
-24
20
15
6
-11
-4
4
-18
23
-17
5
2
17
4
15
24
-39
-18
0
17
-34
19
4
10
-8
8
0
-34
51
-13
7
3
15
-15
-26
39
-6
11
0
17
-5
20
-26
-37
20
42
-30
44
-56
2
-5
22
27
-23
22
-22
21
-27
11
29
-55
38
18
-56
58
19
-35
-6
14
-41
44
-27
4
-18
2
18
-30
-23
33
3
-18
2
-8
19
-19
45
-31
-26
-15
22
11
8
36
-29
-19
-17
19
15
-5
49
-56
2
2
26
-6
3
6
19
-18
-8
13
-13
-6
-10
-37
63
-30
12
-12
-10
-7
23
-19
-49
61
8
-63
26
37
5
-5
-3
-26
35
0
-7
7
-5
22
16
1
-30
55
-56
2
3
6
-17
12
-14
6
18
19
-32
3
-6
50
-20
-48
17
2
-2
-1
-4
0
21
-9
8
1
-35
39
-6
11
12
9
16
-3
6
-40
2
-37
41
-26
12
3
-15
11
7
20
-51
40
-4
-7
-23
30
-3
38
1
-32
38
-41
55
-41
13
-19
-13
50
11
-40
12
7
-30
27
1
3
12
-5
28
-1
-27
21
32
-40
7
-15
-16
51
-44
32
27
-24
10
-21
41
-33
2
-11
32
-8
9
38
-4
-31
5
-3
-33
39
27
-38
58
-45
49
-46
-16
20
-4
46
-60
53
-26
8
-10
19
4
-13
-19
42
-20
24
18
-24
-26
33
35
-13
24
-71
68
-40
17
3
-26
-8
25
31
-19
7
-40
2
49
-20
8
-13
-37
21
37
-29
11
9
15
-21
-11
16
27
-2
-19
-18
2
23
5
-38
52
11
-21
-35
39
-12
41
-66
56
24
-56
2
18
-23
-18
22
-53
19
2
18
-6
-6
32
-27
50
-56
7
5
15
-15
-10
31
17
-35
12
-4
42
-30
-15
-1
-14
23
11
4
-22
-3
-43
57
-3
-13
-34
51
2
-15
26
19
20
-21
6
-31
32
8
-9
0
17
36
-38
-28
60
4
-30
-25
41
-23
22
-14
-19
44
-14
12
17
-36
7
1
-31
35
0
-7
7
-5
15
-8
16
-1
-4
-3
-52
72
-13
9
-5
13
-6
9
1
13
-73
40
19
9
-5
13
-6
9
1
13
-42
22
15
-11
8
0
15
-11
-2
5
0
17
-41
39
7
3
-17
13
2
-5
1
-18
19
4
10
-8
8
0
16
-5
16
-22
12
0
-44
5
-47
-6
43
-37
29
-21
25
34
12
-13
-5
-44
40
30
-38
31
-1
21
-22
10
-39
-15
54
-31
39
-51
24
1
-14
7
35
-51
-6
1
7
13
15
-8
16
-1
-4
-3
-52
55
14
1
8
-13
11
8
-68
39
23
-5
19
-11
1
-18
36
-11
3
1
15
-11
11
-9
4
16
-77
35
33
7
13
-3
5
-5
0
-6
-7
23
-19
-49
73
1
-9
5
-60
24
31
21
-13
0
17
-34
19
4
10
-8
8
0
-22
22
15
-11
8
0
15
-14
7
-1
1
19
-7
-5
8
11
0
-9
16
14
-42
25
-26
55
9
-11
-24
-20
7
48
9
-2
-13
-3
-12
40
-40
19
-31
19
2
6
51
-56
2
-9
26
11
-29
16
-40
2
15
0
25
-34
16
18
-58
36
31
-23
30
-10
26
-70
72
6
29
-52
46
11
-38
-25
33
16
0
20
34
8
9
-19
-28
15
-18
-26
-12
63
-26
-23
-2
2
-7
23
-19
-49
61
8
-63
35
40
1
-2
7
1
-31
35
0
-11
-2
14
