2
19
-29
26
8
-22
22
17
-5
-4
15
-26
43
-4
-7
7
17
-9
6
6
14
5
-11
17
-43
48
3
10
-11
13
10
-33
23
21
-10
17
8
-13
17
-5
22
23
-11
19
-20
-34
61
-13
36
-63
56
-31
0
4
12
-6
-23
29
12
32
-65
62
22
-54
4
18
-8
0
25
-7
8
-4
-12
4
6
13
26
-25
-1
34
11
-33
-4
-10
19
-28
24
14
-9
0
7
-16
38
-5
10
7
-5
15
9
-9
15
8
10
39
-54
-2
24
-22
9
9
0
33
0
-24
21
24
-1
-25
17
-18
55
-11
-14
6
-28
20
23
-17
45
0
-27
36
-12
34
-42
15
-15
53
-12
-22
31
13
11
-4
-7
-17
42
-8
-16
35
-2
-34
32
5
-49
49
-24
40
-50
51
-9
32
6
-11
12
-53
63
-9
-14
-16
4
2
19
-29
38
-15
21
-12
19
-5
-3
7
17
-37
31
2
19
-29
25
-3
21
-9
3
-16
38
-9
5
3
17
-9
13
-7
6
18
3
18
36
-5
22
23
-11
19
-20
28
-4
-26
56
-10
-12
20
-20
-16
17
-6
18
1
-2
-1
-50
57
16
3
10
-11
13
10
-66
25
48
3
10
-11
23
0
45
-29
10
-5
2
12
-3
34
-29
-6
-2
22
-16
36
23
-13
-12
23
24
17
-6
18
1
-2
-1
-50
57
16
3
10
-11
13
10
-66
41
25
-3
21
-9
3
-16
38
-9
5
3
17
-9
13
-7
6
18
10
-24
9
-24
27
47
-33
43
-54
4
-5
26
21
-29
-2
1
46
-27
37
6
-64
61
11
-34
34
-26
-14
34
45
-21
13
-25
37
-26
11
-35
60
-18
42
-16
-31
12
37
-13
34
-14
-47
23
38
-19
45
-27
31
-2
-9
15
5
25
-26
35
-23
32
-28
40
-15
-35
23
38
-27
-1
-16
59
1
-31
0
4
8
-12
17
11
-1
9
-7
22
27
-33
16
-9
0
25
26
-27
36
-40
46
-14
-13
13
-21
23
39
-37
55
-42
33
16
-34
14
-34
3
33
15
-19
-12
57
-13
38
-8
-17
1
25
-26
20
-9
48
-31
39
-27
2
15
-46
31
-5
19
39
-40
-18
52
25
-17
24
-12
-31
24
35
-4
-34
-2
56
5
-18
-6
1
0
21
-13
-7
-10
9
45
-29
-7
0
-2
16
14
-10
40
-32
-19
44
-3
-13
43
-1
10
-53
3
55
-45
32
48
-45
16
-3
4
-4
39
-1
7
0
10
-31
43
-30
13
-31
74
-35
12
-18
57
-26
36
-31
-25
16
1
-13
26
6
41
-50
65
-35
-3
15
30
-15
-13
14
35
-10
15
-29
47
-42
13
-2
11
3
6
0
27
-22
13
-13
49
-31
12
-19
-18
60
-30
0
4
33
-31
-16
15
48
-28
-21
26
-5
0
4
9
3
-36
39
3
-3
-23
-11
52
-25
33
-16
40
-17
13
-31
-19
32
34
2
2
-23
35
-15
24
-28
-2
36
5
-24
11
-7
53
-29
20
-49
55
-15
23
0
15
-6
-12
-32
6
32
48
-52
-11
52
27
-61
4
47
13
-28
35
-31
35
-10
-13
0
2
11
-27
50
-17
10
34
-23
37
-25
-21
21
36
-19
27
-28
-2
3
17
-9
59
-18
-38
26
-25
40
24
-3
-24
45
13
-43
11
-16
4
-24
27
47
-33
-27
32
-21
31
6
-16
4
5
11
-3
19
-11
7
4
5
-7
22
5
-34
43
-4
-7
-12
23
16
-49
-6
17
22
-25
21
5
16
-25
-17
13
-23
43
-21
38
-34
-11
21
5
-10
-47
17
-6
18
1
-2
-1
-50
57
16
3
10
-11
13
10
-66
25
48
3
10
-11
13
10
-30
23
18
0
1
14
-13
17
42
14
-5
-6
-43
66
-57
25
-2
46
-34
34
14
-25
-23
24
14
-11
54
-26
-4
26
-48
43
-15
-11
-9
-48
-5
25
-17
-47
75
3
-7
7
-58
23
53
4
-13
28
-41
33
14
5
-8
27
2
19
-45
48
3
10
-11
13
10
-30
23
18
0
1
14
-13
17
-5
-7
54
-21
27
7
-15
-11
14
32
-46
17
-6
18
1
-2
-1
-50
69
8
-65
38
38
1
-8
6
18
4
11
-4
-22
18
-20
20
-12
25
-4
30
-38
10
32
-30
3
19
8
-32
67
1
-25
-10
0
4
-4
11
3
-5
47
-36
45
-6
-9
-13
53
-49
59
-61
70
-29
34
-54
4
14
32
13
-40
49
-37
45
-53
45
-49
59
-6
17
22
-25
21
5
16
-25
-21
0
4
-7
22
5
-29
-2
10
-6
17
22
-25
21
5
16
-25
-17
1
58
-18
9
0
-34
16
2
4
0
15
36
9
-46
35
-53
62
-13
37
-6
9
-33
7
-10
56
-43
36
1
5
-11
-14
53
2
-34
-4
18
23
-26
16
6
23
2
19
-29
42
-2
5
-11
12
-22
22
17
8
-9
-2
6
11
-4
-7
-16
43
-4
-22
-2
24
-22
26
1
-2
17
8
-10
10
25
-17
-9
34
11
-33
-10
38
24
-20
23
-20
7
-14
49
44
-25
36
-6
14
2
5
-19
24
3
18
-37
30
-38
4
10
-8
24
-52
67
-12
26
-40
44
-40
39
11
-55
22
17
6
29
-12
24
-54
4
-6
21
-17
17
-6
18
1
-2
-1
-50
68
-5
19
-66
43
33
-5
33
-29
-15
40
-36
66
-5
-22
-3
38
15
-31
33
-16
-24
-5
53
-6
-3
-28
14
48
-17
-9
-35
61
-23
13
25
15
-37
10
36
-9
-21
36
-7
26
-28
24
-15
18
-22
9
-27
59
-6
26
-54
4
24
-38
3
-2
21
-14
-18
8
6
8
11
-26
69
-37
49
-65
68
-35
-3
7
-19
31
9
-14
50
-29
13
3
35
-33
46
-19
-48
56
-12
41
-65
52
15
-41
0
2
19
-36
39
3
-3
35
6
3
-2
-45
42
25
-2
24
-22
8
16
3
59
-27
12
-12
-29
56
-8
16
-9
37
-1
-33
-24
32
-18
21
-1
18
37
-14
28
-64
57
-26
11
-5
38
-31
-1
6
-17
28
18
-1
-24
51
12
-40
-9
49
29
-11
0
-22
-22
64
2
-15
-15
19
25
-5
-27
45
18
-29
37
-29
36
-39
-7
-15
69
-31
35
-20
40
-28
20
-16
4
-15
45
8
-18
-11
-2
25
-24
-11
23
9
3
-29
37
2
-5
9
-3
17
-6
18
1
-2
-1
-50
74
-11
11
-3
15
-4
11
3
15
-71
42
21
11
-3
15
-4
11
3
15
-40
24
17
-9
10
2
17
10
-2
-26
33
-22
38
3
-9
-2
21
-11
42
14
-5
35
-48
16
5
26
-14
37
-26
41
-17
-33
53
-26
-2
42
-2
-26
6
44
-16
3
2
-32
41
-13
41
-36
6
55
-8
-33
1
-13
69
-8
-11
-14
32
10
-23
9
-2
-26
33
37
-49
3
29
33
-49
52
-11
25
-6
-24
17
24
-36
-12
53
-23
-2
51
-31
37
-49
62
-12
-28
57
-11
-2
-28
52
-31
11
20
4
-30
3
-14
23
-4
3
29
-19
-1
-10
0
14
7
14
20
15
-31
33
-16
34
-42
2
36
5
-24
9
-16
4
3
9
15
17
-6
18
1
-2
-1
-50
57
16
3
10
-11
13
10
-66
41
25
-3
21
-9
3
-16
38
-9
5
3
17
-9
13
-7
6
18
-75
37
35
9
15
-1
7
4
38
-17
-4
-1
11
3
5
40
-32
-26
50
21
-21
28
-32
5
7
29
-23
21
-11
-21
35
7
17
