-6
24
-18
-48
62
9
-62
30
40
5
8
2
-30
36
1
-10
-1
15
-31
26
34
-16
-49
38
23
-2
-26
36
7
-32
49
-55
3
16
-7
17
0
-3
-2
-51
62
8
9
-12
12
9
-67
54
5
20
-8
9
2
-61
40
-13
18
-10
3
12
20
-13
-6
3
35
-13
-29
26
-27
35
40
-16
7
-53
5
33
-27
30
-13
39
10
4
16
-7
17
0
-3
-2
-51
68
7
-66
37
34
11
-15
16
-34
23
16
-10
9
1
16
-75
54
13
13
-3
-22
38
-9
11
1
18
-43
38
6
-4
17
-44
40
12
-10
10
-4
-1
21
-11
10
-8
18
6
-11
2
-15
22
-1
14
11
-8
7
-5
-6
24
-18
-48
74
2
-8
6
-59
33
32
13
4
1
-4
8
12
4
16
-7
17
0
-3
-2
-51
56
15
2
9
-12
12
9
-67
24
47
2
9
-12
22
-1
-27
24
23
-41
26
-11
48
-37
33
-49
55
12
-2
-28
32
32
-32
35
-35
45
12
-62
46
-7
36
-1
-40
11
-17
3
1
18
-33
20
5
11
-7
9
1
-25
40
-5
12
56
-18
-7
3
34
-3
-6
-38
21
-28
64
-22
2
5
21
-2
11
9
-60
23
49
-55
3
16
-7
17
0
-3
-2
-51
68
7
-66
23
54
-9
6
-5
16
-7
17
0
-3
-2
-51
56
15
2
9
-12
12
9
-67
30
40
9
-12
12
9
-11
18
-48
37
20
-8
9
2
16
-7
17
0
-3
-2
-51
56
15
2
9
-12
12
9
-67
24
47
2
9
-12
12
9
-31
22
17
-1
0
13
-14
16
-2
-43
52
3
-14
27
1
18
-33
20
5
11
-7
9
1
-20
22
15
-5
9
-8
9
15
-27
24
23
1
18
-46
47
2
9
-12
12
9
-31
22
17
-1
0
13
-14
16
-3
2
37
-2
-9
-27
52
-24
7
-27
71
-19
-46
2
7
30
29
-34
-16
53
-14
23
-34
26
-19
17
31
-17
-18
43
5
-6
23
-45
-3
16
29
-51
69
-42
36
-26
-13
16
-7
17
0
-3
-2
-51
56
15
2
9
-12
12
9
-67
30
40
9
-12
12
9
-43
38
6
11
-12
16
-15
31
-16
-2
13
25
-49
24
-4
48
-65
41
37
-55
3
16
-7
17
0
-3
-2
-51
56
15
2
9
-12
12
9
-67
69
0
-60
22
50
3
-1
0
-3
1
22
-8
9
2
-34
40
-5
12
22
-12
13
4
2
12
-55
5
26
1
40
9
-33
46
-61
63
-14
-46
56
-1
-22
-21
21
45
-10
11
1
-15
-9
13
31
10
-38
46
-28
35
-22
-10
5
-34
16
-7
17
0
-3
-2
-51
56
15
2
9
-12
12
9
-67
69
0
-60
37
20
5
11
-7
9
1
-21
23
16
-10
9
1
16
2
-25
22
1
5
7
16
-14
-4
51
-30
5
-14
5
47
-36
-5
-15
28
23
24
-55
3
16
-7
17
0
-3
-2
-51
56
15
2
9
-12
12
9
-67
69
0
-60
37
20
5
11
-7
9
1
-25
40
-5
12
12
6
7
-11
-2
2
11
-15
16
7
-13
-29
23
-23
37
31
1
18
-30
41
-3
4
-12
11
-23
21
16
7
-10
-3
5
-13
-29
65
-37
51
-46
-9
16
-11
20
-11
5
0
-8
20
-15
20
-7
20
-18
4
20
-10
-3
5
16
-7
17
0
-3
-2
-51
68
7
-66
23
54
-9
6
-5
-61
53
-14
16
4
-7
9
2
5
-8
4
10
36
5
16
-38
-27
2
63
-16
-20
6
-16
-6
24
-18
-48
62
9
-62
27
38
6
-4
9
-12
43
-38
45
-25
37
-16
28
-8
-55
28
10
18
-46
52
-32
27
23
-26
29
-51
6
48
-14
-2
33
-32
-5
-1
3
16
-7
17
0
-3
-2
-51
68
7
-66
40
41
-3
4
-12
11
-39
44
6
-9
11
18
3
-1
0
-3
1
22
-8
9
2
-34
40
-5
12
-3
2
37
-2
-9
-27
52
-24
7
-27
71
-19
-46
2
7
30
29
-34
-16
53
-14
23
-34
26
-19
17
31
-17
-18
43
5
-6
23
-45
-3
9
35
-50
68
-36
9
34
-51
7
8
-58
51
27
-30
-25
16
-7
17
0
-3
-2
-51
56
15
2
9
-12
12
9
-67
23
51
0
-11
6
2
1
21
4
-31
22
1
5
7
16
-14
16
-6
24
-18
-48
74
2
-8
6
-59
39
18
16
-7
14
1
16
-7
17
0
-3
-2
-51
62
8
9
-12
12
9
-67
54
5
20
-8
9
2
-61
40
-13
18
-10
3
12
20
-13
2
-10
-1
6
24
-53
42
-19
7
42
-29
-3
-18
7
23
11
-13
-1
3
5
20
-8
16
-10
14
8
-6
21
-29
13
13
-3
-22
38
-9
11
-20
29
35
-24
30
-18
-33
43
23
-58
54
1
-24
33
-54
32
37
0
15
-46
6
0
35
-21
39
-34
16
-2
-6
5
32
-2
8
-39
3
16
-7
17
0
-3
-2
-51
67
-6
18
-67
56
15
2
3
-61
24
15
2
3
-6
1
20
-8
16
-10
14
8
9
-25
8
-4
16
-4
1
1
18
-33
20
5
11
-7
9
1
-21
23
16
-10
9
1
16
-14
39
-61
20
17
-6
44
-37
33
-40
53
-16
12
4
-43
14
-8
20
-2
46
-53
67
-24
20
16
-9
-25
32
9
-51
1
46
-54
24
11
-11
52
-37
-25
63
-31
15
33
-55
3
6
3
-32
37
20
-8
9
2
19
-14
16
-7
16
-7
17
0
-3
-2
-51
68
7
-66
37
34
11
-15
16
-34
23
16
-10
9
1
16
-11
18
-31
22
4
2
16
-10
12
-8
5
-31
47
9
-4
9
-12
2
-6
22
-1
-40
40
9
