19
-4
20
3
0
1
-48
65
11
12
-9
15
12
-64
57
8
23
-5
12
5
-58
43
-10
21
-7
6
15
23
-10
-3
6
16
-37
35
13
-2
19
-4
20
3
0
1
-48
71
10
-63
40
37
14
-12
19
-31
26
19
-7
12
4
19
-72
57
16
16
0
-19
41
-6
14
19
-4
20
3
0
1
-48
59
18
5
12
-9
15
12
-64
27
50
5
12
-9
25
2
4
21
-45
40
23
-5
12
5
19
-4
20
3
0
1
-48
59
18
5
12
-9
15
12
-64
33
43
12
-9
15
12
7
-38
50
5
6
-3
4
23
-5
19
-7
17
11
8
20
10
-6
15
-7
4
21
-44
51
6
3
-1
2
19
4
21
-41
57
2
4
-11
24
4
21
-27
44
0
7
-9
14
-20
24
19
10
-7
0
8
19
-4
20
3
0
1
-48
71
10
-63
26
57
-1
-4
14
-1
13
-28
58
-19
-5
-6
61
-32
35
-36
6
19
-4
20
3
0
1
-48
65
11
12
-9
15
12
-64
57
8
23
-5
12
5
-58
43
-10
21
-7
6
15
23
-10
5
19
-4
20
3
0
1
-48
70
-3
21
-64
59
18
5
6
-58
27
18
5
6
-3
4
23
-5
19
-7
17
11
12
-22
11
-1
19
-1
4
