3
-17
19
4
-31
20
15
6
-11
-4
4
15
-8
16
-1
-4
-3
-52
55
14
1
8
-13
11
8
-68
23
46
1
8
-13
21
-2
15
-8
16
-1
-4
-3
-52
67
6
-67
22
53
-10
5
-6
15
-8
16
-1
-4
-3
-52
55
14
1
8
-13
11
8
-68
29
39
8
-13
11
8
12
-42
-11
5
2
-28
40
-9
8
14
15
-8
16
-1
-4
-3
-52
55
14
1
8
-13
11
8
-68
68
-1
-61
36
19
4
10
-8
8
0
-22
22
15
-11
8
0
15
-12
17
-47
46
0
5
1
1
-7
11
8
-45
43
-11
3
12
-5
1
-15
20
17
2
-9
7
-5
15
-8
16
-1
-4
-3
-52
55
14
1
8
-13
11
8
-68
23
46
0
5
1
1
-7
11
8
-36
21
14
-6
4
-9
3
9
0
17
-34
19
4
10
-8
8
0
-22
22
15
-11
8
0
15
